3700.  183.9399
3701.19991  173.651
3702.39982  153.5258
3703.59973  124.157
3704.79964  163.9026
3705.99955  134.6833
3707.19946  124.685
3708.39937  149.5736
3709.59928  140.923
3710.79919  141.1268
3711.9991  152.5547
3713.19901  149.7023
3714.39892  118.188
3715.59883  117.1875
3716.79874  133.0248
3717.99865  156.1829
3719.19856  130.0247
3720.39847  118.7713
3721.59838  105.3573
3722.79829  196.5013
3723.9982  177.564
3725.19811  188.0352
3726.39802  168.9734
3727.59793  185.7984
3728.79784  164.6225
3729.99775  163.3123
3731.19766  176.2848
3732.39757  180.239
3733.59748  194.1972
3734.79739  201.4705
3735.9973  164.9866
3737.19721  167.2268
3738.39712  176.2059
3739.59703  208.2284
3740.79694  205.8599
3741.99685  161.6848
3743.19676  172.1847
3744.39667  214.5374
3745.59658  200.3044
3746.79649  166.6297
3747.9964  187.3557
3749.19631  165.3178
3750.39622  182.7166
3751.59613  200.4883
3752.79604  224.963
3753.99595  224.4314
3755.19586  218.7572
3756.39577  192.2993
3757.59568  200.6041
3758.79559  211.6926
3759.9955  210.4827
3761.19541  183.3096
3762.39532  200.9514
3763.59523  236.1425
3764.79514  219.711
3765.99505  230.841
3767.19496  212.2287
3768.39487  230.6736
3769.59478  203.5479
3770.79469  252.7187
3771.9946  225.0408
3773.19451  222.4995
3774.39442  212.9141
3775.59433  229.4721
3776.79424  209.3717
3777.99415  207.9573
3779.19406  213.958
3780.39397  218.0412
3781.59388  247.3732
3782.79379  230.387
3783.9937  218.4582
3785.19361  210.3636
3786.39352  206.4437
3787.59343  181.1189
3788.79334  219.2681
3789.99325  227.5839
3791.19316  233.8784
3792.39307  238.9717
3793.59298  250.383
3794.79289  250.8604
3795.9928  253.1775
3797.19271  292.3394
3798.39262  230.6777
3799.59253  242.8937
3800.79244  246.5987
3801.99235  236.0669
3803.19226  227.3903
3804.39217  225.9181
3805.59208  219.5687
3806.79199  220.0816
3807.9919  240.7407
3809.19181  228.1834
3810.39172  229.0075
3811.59163  249.074
3812.79154  248.5997
3813.99145  260.1319
3815.19136  279.11
3816.39127  270.6307
3817.59118  228.3058
3818.79109  271.549
3819.991  253.6025
3821.19091  307.0647
3822.39082  318.9577
3823.59073  284.8493
3824.79064  267.1927
3825.99055  245.4952
3827.19046  270.755
3828.39037  280.6491
3829.59028  301.0763
3830.79019  314.2766
3831.9901  292.231
3833.19001  253.5105
3834.38992  282.9039
3835.58983  289.3554
3836.78974  315.6235
3837.98965  284.6286
3839.18956  290.7083
3840.38947  273.3694
3841.58938  329.9614
3842.78929  317.2101
3843.9892  298.1283
3845.18911  326.5988
3846.38902  303.8891
3847.58893  292.9978
3848.78884  332.7717
3849.98875  338.6205
3851.18866  305.2223
3852.38857  320.6036
3853.58848  368.5324
3854.78839  346.7084
3855.9883  332.3979
3857.18821  317.6671
3858.38812  298.3135
3859.58803  302.0946
3860.78794  319.8303
3861.98785  322.7096
3863.18776  349.6171
3864.38767  325.4595
3865.58758  293.5228
3866.78749  313.5149
3867.9874  342.8368
3869.18731  325.7838
3870.38722  349.479
3871.58713  325.962
3872.78704  324.7287
3873.98695  352.7435
3875.18686  349.6936
3876.38677  322.813
3877.58668  350.1114
3878.78659  362.1161
3879.9865  361.8511
3881.18641  350.723
3882.38632  355.8802
3883.58623  358.7256
3884.78614  353.8673
3885.98605  320.3011
3887.18596  347.2965
3888.38587  355.2733
3889.58578  359.8563
3890.78569  405.7937
3891.9856  421.745
3893.18551  378.8178
3894.38542  368.45
3895.58533  370.9215
3896.78524  386.2275
3897.98515  364.879
3899.18506  430.8444
3900.38497  440.928
3901.58488  387.288
3902.78479  363.1408
3903.9847  395.2703
3905.18461  374.349
3906.38452  369.3425
3907.58443  386.8289
3908.78434  374.1863
3909.98425  384.8716
3911.18416  432.5374
3912.38407  423.7721
3913.58398  388.1365
3914.78389  431.0107
3915.9838  432.2124
3917.18371  406.2203
3918.38362  421.1497
3919.58353  408.0881
3920.78344  423.6954
3921.98335  420.5501
3923.18326  397.9671
3924.38317  444.6416
3925.58308  439.2597
3926.78299  444.3
3927.9829  410.8524
3929.18281  396.4565
3930.38272  388.7726
3931.58263  358.2922
3932.78254  345.6188
3933.98245  403.6642
3935.18236  436.7714
3936.38227  428.5547
3937.58218  462.9527
3938.78209  431.8773
3939.982  413.5445
3941.18191  422.1512
3942.38182  435.3448
3943.58173  448.8834
3944.78164  450.6713
3945.98155  438.0573
3947.18146  469.3857
3948.38137  470.0716
3949.58128  459.821
3950.78119  444.8497
3951.9811  496.7925
3953.18101  459.0117
3954.38092  431.7424
3955.58083  431.9394
3956.78074  449.558
3957.98065  461.718
3959.18056  478.2763
3960.38047  485.7539
3961.58038  470.1132
3962.78029  456.8385
3963.9802  462.7723
3965.18011  433.5611
3966.38002  473.2862
3967.57993  428.0813
3968.77984  455.0597
3969.97975  469.1422
3971.17966  500.0357
3972.37957  489.7721
3973.57948  530.5473
3974.77939  490.2685
3975.9793  568.6412
3977.17921  559.6082
3978.37912  465.9765
3979.57903  486.8711
3980.77894  445.7043
3981.97885  495.0289
3983.17876  514.9843
3984.37867  508.5433
3985.57858  514.8014
3986.77849  517.0042
3987.9784  534.8876
3989.17831  522.3713
3990.37822  508.497
3991.57813  555.5783
3992.77804  536.37
3993.97795  502.102
3995.17786  528.0403
3996.37777  539.3421
3997.57768  512.6978
3998.77759  540.6573
3999.9775  522.5316
4001.17741  538.5505
4002.37732  558.7272
4003.57723  506.7862
4004.77714  537.002
4005.97705  511.4746
4007.17696  517.26
4008.37687  550.4847
4009.57678  558.275
4010.77669  544.2766
4011.9766  527.3115
4013.17651  547.2324
4014.37642  549.0667
4015.57633  562.8486
4016.77624  545.5221
4017.97615  597.5685
4019.17606  607.4789
4020.37597  593.5992
4021.57588  616.8142
4022.77579  616.353
4023.9757  601.1433
4025.17561  620.0273
4026.37552  609.309
4027.57543  624.6974
4028.77534  638.2746
4029.97525  595.057
4031.17516  619.1997
4032.37507  586.7354
4033.57498  575.2736
4034.77489  657.4877
4035.9748  610.9029
4037.17471  557.8751
4038.37462  601.7152
4039.57453  560.0336
4040.77444  595.5387
4041.97435  601.5076
4043.17426  582.5847
4044.37417  -102.1189
4045.57408  -1795.658
4046.77399  -45.84047
4047.9739  -101.5985
4049.17381  475.8853
4050.37372  601.7416
4051.57363  598.6078
4052.77354  593.3749
4053.97345  628.0914
4055.17336  675.6132
4056.37327  706.651
4057.57318  687.7016
4058.77309  625.2534
4059.973  655.1635
4061.17291  687.4986
4062.37282  705.527
4063.57273  658.0771
4064.77264  685.1085
4065.97255  662.1772
4067.17246  681.0861
4068.37237  649.6021
4069.57228  627.5446
4070.77219  641.6121
4071.9721  638.8596
4073.17201  621.2291
4074.37192  584.5599
4075.57183  663.6194
4076.77174  717.3618
4077.97165  739.7332
4079.17156  675.8813
4080.37147  703.8885
4081.57138  704.8054
4082.77129  688.2246
4083.9712  638.9454
4085.17111  704.8737
4086.37102  696.6349
4087.57093  686.9949
4088.77084  694.7764
4089.97075  675.3571
4091.17066  682.2556
4092.37057  683.1194
4093.57048  718.6172
4094.77039  724.857
4095.9703  690.8939
4097.17021  694.7042
4098.37012  711.5626
4099.57003  663.5989
4100.76994  683.6529
4101.96985  681.9946
4103.16976  597.3546
4104.36967  619.0534
4105.56958  686.4886
4106.76949  611.0047
4107.9694  700.3008
4109.16931  829.26
4110.36922  705.0912
4111.56913  742.9765
4112.76904  693.9843
4113.96895  673.9048
4115.16886  663.9022
4116.36877  725.7612
4117.56868  712.9197
4118.76859  726.2469
4119.9685  733.4396
4121.16841  752.6152
4122.36832  820.3926
4123.56823  839.9124
4124.76814  815.7026
4125.96805  773.8575
4127.16796  753.9865
4128.36787  761.0892
4129.56778  768.3156
4130.76769  740.7979
4131.9676  774.737
4133.16751  698.968
4134.36742  703.8464
4135.56733  751.2253
4136.76724  726.2219
4137.96715  752.7786
4139.16706  748.8495
4140.36697  740.493
4141.56688  715.0023
4142.76679  684.6044
4143.9667  704.2183
4145.16661  738.9271
4146.36652  704.9293
4147.56643  716.4766
4148.76634  709.5703
4149.96625  777.8763
4151.16616  744.2006
4152.36607  751.4932
4153.56598  752.9721
4154.76589  773.1443
4155.9658  745.1362
4157.16571  731.3382
4158.36562  764.0574
4159.56553  807.0267
4160.76544  760.618
4161.96535  743.7479
4163.16526  797.4141
4164.36517  803.0742
4165.56508  767.0428
4166.76499  759.4937
4167.9649  738.902
4169.16481  751.805
4170.36472  795.4259
4171.56463  803.5283
4172.76454  795.3079
4173.96445  751.4165
4175.16436  721.2958
4176.36427  759.0854
4177.56418  754.3235
4178.76409  750.937
4179.964  797.9797
4181.16391  755.4846
4182.36382  741.3699
4183.56373  779.0709
4184.76364  750.0903
4185.96355  729.7302
4187.16346  823.1414
4188.36337  793.6025
4189.56328  786.3376
4190.76319  771.3047
4191.9631  743.52
4193.16301  774.4866
4194.36292  823.6345
4195.56283  850.1951
4196.76274  846.6147
4197.96265  780.051
4199.16256  804.4119
4200.36247  823.6262
4201.56238  834.6619
4202.76229  816.4335
4203.9622  831.5026
4205.16211  824.7418
4206.36202  788.3272
4207.56193  801.7775
4208.76184  803.7679
4209.96175  821.8308
4211.16166  822.597
4212.36157  850.8322
4213.56148  858.8444
4214.76139  772.8723
4215.9613  824.7457
4217.16121  820.8496
4218.36112  831.6982
4219.56103  850.157
4220.76094  829.6949
4221.96085  843.1283
4223.16076  754.2216
4224.36067  809.8609
4225.56058  829.9033
4226.76049  857.3318
4227.9604  831.1848
4229.16031  805.9726
4230.36022  770.7424
4231.56013  774.1085
4232.76004  756.5073
4233.95995  851.1699
4235.15986  803.4864
4236.35977  781.7742
4237.55968  779.48
4238.75959  776.6353
4239.9595  786.3148
4241.15941  770.8232
4242.35932  751.2048
4243.55923  813.4446
4244.75914  804.4502
4245.95905  794.4246
4247.15896  815.3267
4248.35887  818.5757
4249.55878  810.9371
4250.75869  824.8525
4251.9586  813.0406
4253.15851  855.1582
4254.35842  841.5063
4255.55833  810.7205
4256.75824  766.0599
4257.95815  793.149
4259.15806  813.3954
4260.35797  876.3149
4261.55788  852.8845
4262.75779  842.2149
4263.9577  872.8773
4265.15761  818.9844
4266.35752  824.5092
4267.55743  877.9201
4268.75734  822.4939
4269.95725  872.0159
4271.15716  813.2926
4272.35707  820.9738
4273.55698  816.4345
4274.75689  860.4752
4275.9568  879.293
4277.15671  818.6672
4278.35662  844.0317
4279.55653  893.3185
4280.75644  901.6924
4281.95635  879.9038
4283.15626  872.895
4284.35617  845.8201
4285.55608  841.6441
4286.75599  866.8867
4287.9559  887.8046
4289.15581  840.4005
4290.35572  819.693
4291.55563  826.7418
4292.75554  868.0791
4293.95545  863.0443
4295.15536  819.2348
4296.35527  845.2077
4297.55518  909.2576
4298.75509  853.2118
4299.955  854.3391
4301.15491  880.9818
4302.35482  843.3287
4303.55473  910.2186
4304.75464  856.9916
4305.95455  869.0269
4307.15446  896.3884
4308.35437  852.3002
4309.55428  878.5857
4310.75419  835.9186
4311.9541  781.5654
4313.15401  857.5079
4314.35392  839.2731
4315.55383  881.0084
4316.75374  859.6248
4317.95365  895.0683
4319.15356  910.0564
4320.35347  901.6454
4321.55338  818.7531
4322.75329  911.9714
4323.9532  960.7891
4325.15311  928.1815
4326.35302  898.2181
4327.55293  945.8022
4328.75284  972.9647
4329.95275  954.2675
4331.15266  1001.903
4332.35257  1016.228
4333.55248  1031.831
4334.75239  980.7188
4335.9523  965.7614
4337.15221  957.9913
4338.35212  936.199
4339.55203  951.2958
4340.75194  949.3088
4341.95185  978.8848
4343.15176  965.6656
4344.35167  910.7974
4345.55158  923.5626
4346.75149  974.4005
4347.9514  982.9799
4349.15131  937.2764
4350.35122  883.0109
4351.55113  977.4107
4352.75104  952.3831
4353.95095  945.5896
4355.15086  990.6827
4356.35077  988.5435
4357.55068  996.1736
4358.75059  1013.856
4359.9505  1051.804
4361.15041  1013.607
4362.35032  1026.404
4363.55023  1032.208
4364.75014  985.6968
4365.95005  963.43
4367.14996  1040.753
4368.34987  973.7458
4369.54978  989.5288
4370.74969  967.4929
4371.9496  1009.061
4373.14951  933.2508
4374.34942  1011.735
4375.54933  962.4318
4376.74924  986.5891
4377.94915  991.1509
4379.14906  995.9108
4380.34897  1020.357
4381.54888  1069.989
4382.74879  1048.483
4383.9487  981.4828
4385.14861  986.9133
4386.34852  1017.534
4387.54843  980.9497
4388.74834  992.331
4389.94825  1010.748
4391.14816  1020.446
4392.34807  1026.794
4393.54798  1008.042
4394.74789  974.3037
4395.9478  1024.92
4397.14771  1014.934
4398.34762  1008.062
4399.54753  1080.287
4400.74744  1079.806
4401.94735  987.8712
4403.14726  997.418
4404.34717  1039.272
4405.54708  987.5891
4406.74699  1031.232
4407.9469  1070.017
4409.14681  1071.198
4410.34672  1074.409
4411.54663  1021.455
4412.74654  1097.531
4413.94645  969.7935
4415.14636  1058.948
4416.34627  1082.961
4417.54618  1006.379
4418.74609  1085.865
4419.946  1082.108
4421.14591  1086.612
4422.34582  1088.788
4423.54573  1029.643
4424.74564  1062.634
4425.94555  1102.468
4427.14546  1062.527
4428.34537  1023.156
4429.54528  998.0215
4430.74519  1019.988
4431.9451  1029.275
4433.14501  1062.391
4434.34492  994.438
4435.54483  1057.042
4436.74474  1022.044
4437.94465  979.9478
4439.14456  1029.166
4440.34447  1061.161
4441.54438  1081.913
4442.74429  1060.787
4443.9442  1079.972
4445.14411  1093.948
4446.34402  1024.615
4447.54393  1025.023
4448.74384  1012.804
4449.94375  1002.849
4451.14366  1051.268
4452.34357  1079.172
4453.54348  1023.891
4454.74339  1030.555
4455.9433  1099.223
4457.14321  1100.671
4458.34312  1109.486
4459.54303  1089.441
4460.74294  1071.829
4461.94285  1069.727
4463.14276  1064.843
4464.34267  1132.9
4465.54258  1130.482
4466.74249  1109.903
4467.9424  1020.481
4469.14231  1028.519
4470.34222  1092.946
4471.54213  1175.436
4472.74204  1071.635
4473.94195  1130.404
4475.14186  1118.41
4476.34177  1180.359
4477.54168  1160.34
4478.74159  1073.167
4479.9415  1091.578
4481.14141  1063.841
4482.34132  1174.984
4483.54123  1369.899
4484.74114  1561.185
4485.94105  1671.317
4487.14096  1882.212
4488.34087  1781.479
4489.54078  1738.568
4490.74069  1612.014
4491.9406  1356.014
4493.14051  1285.277
4494.34042  1154.42
4495.54033  1051.759
4496.74024  1091.866
4497.94015  1094.293
4499.14006  1062.26
4500.33997  1091.667
4501.53988  1192.571
4502.73979  1115.541
4503.9397  1147.931
4505.13961  1149.555
4506.33952  1161.505
4507.53943  1115.429
4508.73934  1125.48
4509.93925  1106.384
4511.13916  1078.417
4512.33907  1081.071
4513.53898  1118.275
4514.73889  1062.23
4515.9388  1116.44
4517.13871  1165.668
4518.33862  1161.843
4519.53853  1140.806
4520.73844  1198.14
4521.93835  1217.492
4523.13826  1208.193
4524.33817  1157.049
4525.53808  1139.829
4526.73799  1122.604
4527.9379  1114.641
4529.13781  1183.021
4530.33772  1208.583
4531.53763  1153.693
4532.73754  1174.24
4533.93745  1224.559
4535.13736  1211.826
4536.33727  1151.297
4537.53718  1125.786
4538.73709  1116.059
4539.937  1152.813
4541.13691  1182.01
4542.33682  1191.159
4543.53673  1141.084
4544.73664  1169.612
4545.93655  1230.818
4547.13646  1127.874
4548.33637  1144.767
4549.53628  1136.394
4550.73619  1196.265
4551.9361  1261.933
4553.13601  1221.99
4554.33592  1168.079
4555.53583  1237.47
4556.73574  1235.546
4557.93565  1174.294
4559.13556  1193.588
4560.33547  1142.341
4561.53538  1099.642
4562.73529  1120.207
4563.9352  1161.01
4565.13511  1159.592
4566.33502  1115.389
4567.53493  1127.835
4568.73484  1054.992
4569.93475  1105.375
4571.13466  1048.068
4572.33457  1048.208
4573.53448  1136.309
4574.73439  1112.944
4575.9343  1223.257
4577.13421  1078.38
4578.33412  1107.854
4579.53403  1123.827
4580.73394  1233.886
4581.93385  1144.253
4583.13376  1230.706
4584.33367  1150.92
4585.53358  1253.956
4586.73349  1200.014
4587.9334  1193.762
4589.13331  1155.164
4590.33322  1140.07
4591.53313  1164.686
4592.73304  1210.23
4593.93295  1199.672
4595.13286  1181.796
4596.33277  1172.76
4597.53268  1173.03
4598.73259  1199.879
4599.9325  1190.935
4601.13241  1151.105
4602.33232  1174.472
4603.53223  1164.601
4604.73214  1150.187
4605.93205  1218.22
4607.13196  1208.729
4608.33187  1240.77
4609.53178  1206.222
4610.73169  1213.674
4611.9316  1208.382
4613.13151  1179.482
4614.33142  1167.19
4615.53133  1127.931
4616.73124  1130.264
4617.93115  1162.128
4619.13106  1149.661
4620.33097  1104.226
4621.53088  1145.155
4622.73079  1155.798
4623.9307  1145.502
4625.13061  1192.678
4626.33052  1204.304
4627.53043  1210.499
4628.73034  1190.918
4629.93025  1186.397
4631.13016  1227.029
4632.33007  1236.104
4633.52998  1222.884
4634.72989  1181.57
4635.9298  1242.548
4637.12971  1268.19
4638.32962  1199.058
4639.52953  1164.675
4640.72944  1188.496
4641.92935  1222.947
4643.12926  1284.37
4644.32917  1193.038
4645.52908  1191.814
4646.72899  1204.269
4647.9289  1185.166
4649.12881  1223.058
4650.32872  1217.996
4651.52863  1266.885
4652.72854  1259.405
4653.92845  1353.541
4655.12836  1520.309
4656.32827  1544.345
4657.52818  1525.125
4658.72809  1541.98
4659.928  1354.439
4661.12791  1292.94
4662.32782  1277.796
4663.52773  1309.295
4664.72764  1230.422
4665.92755  1209.473
4667.12746  1231.027
4668.32737  1170.184
4669.52728  1202.581
4670.72719  1242.468
4671.9271  1299.494
4673.12701  1247.
4674.32692  1137.106
4675.52683  1212.987
4676.72674  1279.259
4677.92665  1178.617
4679.12656  1245.587
4680.32647  1323.573
4681.52638  1267.272
4682.72629  1335.429
4683.9262  1348.462
4685.12611  1318.417
4686.32602  1187.01
4687.52593  1271.765
4688.72584  1271.537
4689.92575  1233.654
4691.12566  1251.145
4692.32557  1289.559
4693.52548  1321.247
4694.72539  1320.748
4695.9253  1324.028
4697.12521  1178.963
4698.32512  1243.865
4699.52503  1161.892
4700.72494  1246.763
4701.92485  1245.849
4703.12476  1222.918
4704.32467  1236.374
4705.52458  1298.436
4706.72449  1277.243
4707.9244  1275.866
4709.12431  1274.244
4710.32422  1234.596
4711.52413  1275.796
4712.72404  1301.474
4713.92395  1252.556
4715.12386  1232.851
4716.32377  1287.118
4717.52368  1287.268
4718.72359  1316.283
4719.9235  1276.363
4721.12341  1281.245
4722.32332  1279.325
4723.52323  1266.696
4724.72314  1307.251
4725.92305  1304.125
4727.12296  1227.114
4728.32287  1247.555
4729.52278  1277.702
4730.72269  1262.888
4731.9226  1197.588
4733.12251  1204.329
4734.32242  1149.215
4735.52233  1068.473
4736.72224  1078.989
4737.92215  1136.897
4739.12206  1164.915
4740.32197  1196.887
4741.52188  1213.496
4742.72179  1276.997
4743.9217  1312.202
4745.12161  1268.692
4746.32152  1285.079
4747.52143  1295.867
4748.72134  1252.541
4749.92125  1274.735
4751.12116  1321.179
4752.32107  1305.457
4753.52098  1274.34
4754.72089  1266.011
4755.9208  1291.003
4757.12071  1339.44
4758.32062  1326.498
4759.52053  1293.288
4760.72044  1264.444
4761.92035  1256.517
4763.12026  1253.305
4764.32017  1260.566
4765.52008  1338.459
4766.71999  1333.555
4767.9199  1261.182
4769.11981  1234.355
4770.31972  1287.474
4771.51963  1368.257
4772.71954  1344.331
4773.91945  1339.123
4775.11936  1363.62
4776.31927  1333.394
4777.51918  1286.157
4778.71909  1318.275
4779.919  1343.115
4781.11891  1277.687
4782.31882  1225.629
4783.51873  1263.652
4784.71864  1210.73
4785.91855  1216.949
4787.11846  1282.194
4788.31837  1329.483
4789.51828  1274.316
4790.71819  1315.505
4791.9181  1288.882
4793.11801  1323.841
4794.31792  1306.419
4795.51783  1349.739
4796.71774  1313.593
4797.91765  1272.056
4799.11756  1263.778
4800.31747  1317.329
4801.51738  1347.192
4802.71729  1298.318
4803.9172  1243.526
4805.11711  1297.607
4806.31702  1294.591
4807.51693  1318.527
4808.71684  1271.951
4809.91675  1263.961
4811.11666  1305.862
4812.31657  1244.996
4813.51648  1282.929
4814.71639  1303.586
4815.9163  1328.683
4817.11621  1328.032
4818.31612  1296.473
4819.51603  1311.143
4820.71594  1306.669
4821.91585  1333.909
4823.11576  1308.358
4824.31567  1241.398
4825.51558  1319.204
4826.71549  1408.188
4827.9154  1367.228
4829.11531  1319.743
4830.31522  1328.214
4831.51513  1320.066
4832.71504  1278.848
4833.91495  1281.047
4835.11486  1339.847
4836.31477  1300.333
4837.51468  1346.597
4838.71459  1362.549
4839.9145  1370.037
4841.11441  1311.354
4842.31432  1368.847
4843.51423  1307.948
4844.71414  1346.937
4845.91405  1233.161
4847.11396  1281.156
4848.31387  1297.036
4849.51378  1293.087
4850.71369  1347.931
4851.9136  1343.478
4853.11351  1288.817
4854.31342  1306.123
4855.51333  1253.624
4856.71324  1310.959
4857.91315  1291.039
4859.11306  1309.096
4860.31297  1360.657
4861.51288  1360.414
4862.71279  1257.248
4863.9127  1405.106
4865.11261  1331.392
4866.31252  1306.465
4867.51243  1278.184
4868.71234  1254.836
4869.91225  1267.668
4871.11216  1285.766
4872.31207  1266.367
4873.51198  1237.119
4874.71189  1271.14
4875.9118  1286.95
4877.11171  1284.823
4878.31162  1319.907
4879.51153  1295.683
4880.71144  1282.781
4881.91135  1262.839
4883.11126  1323.289
4884.31117  1290.261
4885.51108  1360.864
4886.71099  1311.527
4887.9109  1280.205
4889.11081  1259.915
4890.31072  1408.565
4891.51063  1235.92
4892.71054  1325.843
4893.91045  1249.343
4895.11036  1382.443
4896.31027  1391.541
4897.51018  1398.605
4898.71009  1382.769
4899.91  1294.48
4901.10991  1341.152
4902.30982  1367.174
4903.50973  1304.146
4904.70964  1448.788
4905.90955  1293.19
4907.10946  1323.221
4908.30937  1347.461
4909.50928  1419.833
4910.70919  1335.194
4911.9091  1487.354
4913.10901  1488.288
4914.30892  1388.158
4915.50883  1393.572
4916.70874  1387.341
4917.90865  1474.99
4919.10856  1472.161
4920.30847  1391.901
4921.50838  1390.995
4922.70829  1465.665
4923.9082  1443.575
4925.10811  1454.682
4926.30802  1460.736
4927.50793  1553.552
4928.70784  1545.577
4929.90775  1505.656
4931.10766  1502.443
4932.30757  1426.965
4933.50748  1532.439
4934.70739  1538.98
4935.9073  1488.885
4937.10721  1558.47
4938.30712  1568.244
4939.50703  1550.607
4940.70694  1494.079
4941.90685  1500.917
4943.10676  1542.302
4944.30667  1482.325
4945.50658  1510.093
4946.70649  1562.138
4947.9064  1414.317
4949.10631  1646.367
4950.30622  1543.494
4951.50613  1553.986
4952.70604  1503.927
4953.90595  1567.489
4955.10586  1568.707
4956.30577  1512.581
4957.50568  1530.566
4958.70559  1438.742
4959.9055  1462.02
4961.10541  1565.646
4962.30532  1437.305
4963.50523  1529.155
4964.70514  1476.842
4965.90505  1463.371
4967.10496  1501.494
4968.30487  1502.582
4969.50478  1429.292
4970.70469  1449.478
4971.9046  1412.515
4973.10451  1479.173
4974.30442  1462.716
4975.50433  1515.441
4976.70424  1489.066
4977.90415  1423.976
4979.10406  1428.633
4980.30397  1438.492
4981.50388  1400.344
4982.70379  1486.899
4983.9037  1446.149
4985.10361  1426.594
4986.30352  1433.369
4987.50343  1491.685
4988.70334  1456.32
4989.90325  1441.248
4991.10316  1479.763
4992.30307  1407.162
4993.50298  1425.81
4994.70289  1456.474
4995.9028  1369.631
4997.10271  1462.375
4998.30262  1436.351
4999.50253  1541.636
5000.70244  1490.396
5001.90235  1470.841
5003.10226  1470.188
5004.30217  1484.414
5005.50208  1433.867
5006.70199  1418.182
5007.9019  1432.247
5009.10181  1436.63
5010.30172  1488.741
5011.50163  1511.033
5012.70154  1457.699
5013.90145  1473.774
5015.10136  1378.405
5016.30127  1577.528
5017.50118  1600.13
5018.70109  1550.195
5019.901  1438.44
5021.10091  1429.68
5022.30082  1388.553
5023.50073  1501.296
5024.70064  1397.36
5025.90055  1383.891
5027.10046  1488.586
5028.30037  1492.618
5029.50028  1532.941
5030.70019  1427.353
5031.9001  1530.889
5033.10001  1435.255
5034.29992  1506.007
5035.49983  1515.667
5036.69974  1494.321
5037.89965  1446.028
5039.09956  1465.835
5040.29947  1477.875
5041.49938  1545.178
5042.69929  1567.457
5043.8992  1521.98
5045.09911  1440.627
5046.29902  1491.66
5047.49893  1520.025
5048.69884  1424.124
5049.89875  1519.876
5051.09866  1567.946
5052.29857  1454.29
5053.49848  1395.743
5054.69839  1456.527
5055.8983  1419.766
5057.09821  1358.562
5058.29812  1476.03
5059.49803  1462.365
5060.69794  1456.119
5061.89785  1428.354
5063.09776  1488.904
5064.29767  1388.149
5065.49758  1467.213
5066.69749  1509.663
5067.8974  1495.901
5069.09731  1484.375
5070.29722  1497.194
5071.49713  1501.59
5072.69704  1509.935
5073.89695  1445.246
5075.09686  1480.142
5076.29677  1478.222
5077.49668  1485.808
5078.69659  1429.702
5079.8965  1474.88
5081.09641  1559.501
5082.29632  1572.38
5083.49623  1534.807
5084.69614  1538.03
5085.89605  1602.315
5087.09596  1537.663
5088.29587  1478.002
5089.49578  1531.54
5090.69569  1535.896
5091.8956  1505.467
5093.09551  1566.279
5094.29542  1587.064
5095.49533  1615.986
5096.69524  1616.262
5097.89515  1596.392
5099.09506  1591.03
5100.29497  1576.432
5101.49488  1598.702
5102.69479  1613.051
5103.8947  1537.496
5105.09461  1486.1
5106.29452  1498.439
5107.49443  1528.799
5108.69434  1618.979
5109.89425  1611.236
5111.09416  1556.449
5112.29407  1598.673
5113.49398  1561.354
5114.69389  1556.835
5115.8938  1587.358
5117.09371  1579.195
5118.29362  1572.262
5119.49353  1580.922
5120.69344  1580.117
5121.89335  1533.29
5123.09326  1525.41
5124.29317  1563.151
5125.49308  1599.097
5126.69299  1567.269
5127.8929  1552.309
5129.09281  1588.133
5130.29272  1592.973
5131.49263  1502.026
5132.69254  1576.235
5133.89245  1630.456
5135.09236  1572.467
5136.29227  1559.116
5137.49218  1598.069
5138.69209  1582.127
5139.892  1572.572
5141.09191  1576.078
5142.29182  1528.078
5143.49173  1538.363
5144.69164  1587.187
5145.89155  1598.115
5147.09146  1572.528
5148.29137  1516.749
5149.49128  1520.991
5150.69119  1593.949
5151.8911  1599.119
5153.09101  1630.894
5154.29092  1687.321
5155.49083  1675.211
5156.69074  1666.755
5157.89065  1701.123
5159.09056  1740.766
5160.29047  1744.289
5161.49038  1738.521
5162.69029  1696.499
5163.8902  1627.394
5165.09011  1582.526
5166.29002  1572.585
5167.48993  1618.163
5168.68984  1659.423
5169.88975  1676.289
5171.08966  1650.075
5172.28957  1646.749
5173.48948  1639.372
5174.68939  1663.733
5175.8893  1666.281
5177.08921  1646.969
5178.28912  1650.334
5179.48903  1623.184
5180.68894  1586.541
5181.88885  1601.912
5183.08876  1700.66
5184.28867  1661.41
5185.48858  1692.891
5186.68849  1671.71
5187.8884  1701.46
5189.08831  1685.089
5190.28822  1587.608
5191.48813  1699.312
5192.68804  1746.011
5193.88795  1741.846
5195.08786  1726.521
5196.28777  1776.606
5197.48768  1825.562
5198.68759  1822.067
5199.8875  1893.643
5201.08741  1895.273
5202.28732  1840.179
5203.48723  1861.908
5204.68714  1872.158
5205.88705  1902.145
5207.08696  1854.482
5208.28687  1831.275
5209.48678  1816.214
5210.68669  1852.86
5211.8866  1955.19
5213.08651  1953.511
5214.28642  1900.249
5215.48633  1935.021
5216.68624  1912.14
5217.88615  2019.862
5219.08606  2059.084
5220.28597  1913.95
5221.48588  1999.711
5222.68579  2045.681
5223.8857  2208.231
5225.08561  2199.985
5226.28552  2197.174
5227.48543  2165.674
5228.68534  2023.016
5229.88525  1963.265
5231.08516  1932.177
5232.28507  2161.554
5233.48498  2036.71
5234.68489  2065.805
5235.8848  2085.572
5237.08471  2120.155
5238.28462  1982.602
5239.48453  1956.805
5240.68444  1964.899
5241.88435  2003.317
5243.08426  1992.867
5244.28417  2028.933
5245.48408  1965.343
5246.68399  1933.846
5247.8839  1998.608
5249.08381  1913.019
5250.28372  2009.878
5251.48363  1928.366
5252.68354  2029.536
5253.88345  1898.176
5255.08336  1961.781
5256.28327  1926.851
5257.48318  1880.823
5258.68309  1868.173
5259.883  1849.333
5261.08291  1832.858
5262.28282  1717.536
5263.48273  1780.036
5264.68264  1843.121
5265.88255  1791.667
5267.08246  1745.689
5268.28237  1723.048
5269.48228  1820.925
5270.68219  1806.479
5271.8821  1743.463
5273.08201  1782.212
5274.28192  1777.314
5275.48183  1756.832
5276.68174  1744.547
5277.88165  1774.961
5279.08156  1771.397
5280.28147  1781.962
5281.48138  1699.71
5282.68129  1743.811
5283.8812  1777.827
5285.08111  1762.536
5286.28102  1775.62
5287.48093  1834.448
5288.68084  1840.114
5289.88075  1749.995
5291.08066  1757.042
5292.28057  1794.265
5293.48048  1771.815
5294.68039  1727.837
5295.8803  1735.184
5297.08021  1760.874
5298.28012  1776.438
5299.48003  1813.075
5300.67994  1775.902
5301.87985  1740.901
5303.07976  1733.015
5304.27967  1713.119
5305.47958  1720.407
5306.67949  1745.415
5307.8794  1691.243
5309.07931  1771.243
5310.27922  1756.546
5311.47913  1785.352
5312.67904  1844.864
5313.87895  1766.416
5315.07886  1730.809
5316.27877  1736.017
5317.47868  1773.015
5318.67859  1723.519
5319.8785  1758.33
5321.07841  1833.197
5322.27832  1794.004
5323.47823  1808.097
5324.67814  1779.318
5325.87805  1797.65
5327.07796  1633.159
5328.27787  1709.061
5329.47778  1689.334
5330.67769  1806.707
5331.8776  1808.652
5333.07751  1815.706
5334.27742  1699.632
5335.47733  1779.773
5336.67724  1829.114
5337.87715  1924.745
5339.07706  1746.661
5340.27697  1780.307
5341.47688  1667.545
5342.67679  1661.078
5343.8767  1824.554
5345.07661  1792.299
5346.27652  1784.796
5347.47643  1694.108
5348.67634  1676.724
5349.87625  1634.144
5351.07616  1706.215
5352.27607  1811.795
5353.47598  1757.167
5354.67589  1663.163
5355.8758  1759.511
5357.07571  1757.326
5358.27562  1799.088
5359.47553  1810.799
5360.67544  1787.417
5361.87535  1703.599
5363.07526  1763.889
5364.27517  1747.088
5365.47508  1695.29
5366.67499  1713.049
5367.8749  1764.211
5369.07481  1718.398
5370.27472  1716.29
5371.47463  1786.911
5372.67454  1781.98
5373.87445  1793.59
5375.07436  1846.865
5376.27427  1748.421
5377.47418  1796.366
5378.67409  1780.851
5379.874  1749.657
5381.07391  1782.079
5382.27382  1739.417
5383.47373  1755.486
5384.67364  1813.757
5385.87355  1816.694
5387.07346  1816.846
5388.27337  1854.922
5389.47328  1980.059
5390.67319  1969.416
5391.8731  1948.111
5393.07301  1869.328
5394.27292  1776.411
5395.47283  1793.57
5396.67274  1823.918
5397.87265  1846.073
5399.07256  1846.8
5400.27247  1827.258
5401.47238  1817.193
5402.67229  1831.072
5403.8722  1840.995
5405.07211  1819.518
5406.27202  1822.217
5407.47193  1811.132
5408.67184  1783.89
5409.87175  1857.429
5411.07166  1888.115
5412.27157  1876.717
5413.47148  1880.107
5414.67139  1911.016
5415.8713  1948.323
5417.07121  1868.909
5418.27112  1858.973
5419.47103  1854.605
5420.67094  1908.01
5421.87085  1896.449
5423.07076  1847.725
5424.27067  1833.716
5425.47058  1887.418
5426.67049  1941.945
5427.8704  1984.752
5429.07031  1964.116
5430.27022  1928.86
5431.47013  1964.86
5432.67004  2050.
5433.86995  2042.369
5435.06986  2007.751
5436.26977  1891.53
5437.46968  2056.398
5438.66959  2027.311
5439.8695  1923.242
5441.06941  1912.29
5442.26932  1907.307
5443.46923  1999.234
5444.66914  1970.661
5445.86905  1956.162
5447.06896  1964.76
5448.26887  2090.316
5449.46878  2042.542
5450.66869  1973.032
5451.8686  1948.396
5453.06851  1943.679
5454.26842  1989.047
5455.46833  1983.78
5456.66824  1896.362
5457.86815  1946.389
5459.06806  1959.469
5460.26797  2091.333
5461.46788  2022.694
5462.66779  2077.531
5463.8677  1994.712
5465.06761  2051.658
5466.26752  1984.353
5467.46743  1970.673
5468.66734  1972.225
5469.86725  2002.512
5471.06716  1993.829
5472.26707  1979.14
5473.46698  2051.315
5474.66689  2049.14
5475.8668  1955.274
5477.06671  1960.088
5478.26662  2028.227
5479.46653  2023.412
5480.66644  1992.403
5481.86635  1977.177
5483.06626  1994.225
5484.26617  1997.218
5485.46608  1975.25
5486.66599  2001.723
5487.8659  1993.574
5489.06581  1951.52
5490.26572  1980.699
5491.46563  2001.003
5492.66554  1922.749
5493.86545  1905.289
5495.06536  2005.177
5496.26527  2013.203
5497.46518  2018.124
5498.66509  2009.053
5499.865  1971.078
5501.06491  1989.27
5502.26482  2052.49
5503.46473  2157.905
5504.66464  2081.521
5505.86455  2025.128
5507.06446  2061.784
5508.26437  2019.494
5509.46428  2096.077
5510.66419  2130.933
5511.8641  2084.691
5513.06401  2077.343
5514.26392  1956.546
5515.46383  2003.917
5516.66374  1942.193
5517.86365  1944.329
5519.06356  1968.792
5520.26347  1964.474
5521.46338  1995.065
5522.66329  1923.332
5523.8632  2009.164
5525.06311  2012.78
5526.26302  1856.369
5527.46293  1963.93
5528.66284  2079.294
5529.86275  1952.532
5531.06266  2102.351
5532.26257  1994.435
5533.46248  1909.71
5534.66239  1944.062
5535.8623  1855.74
5537.06221  1891.346
5538.26212  1814.5
5539.46203  1947.16
5540.66194  1971.645
5541.86185  2038.821
5543.06176  2025.55
5544.26167  2012.126
5545.46158  2028.813
5546.66149  2001.525
5547.8614  2012.59
5549.06131  2064.562
5550.26122  2008.574
5551.46113  1987.872
5552.66104  2026.823
5553.86095  1958.733
5555.06086  1955.89
5556.26077  2029.614
5557.46068  2036.864
5558.66059  2018.119
5559.8605  1953.21
5561.06041  1953.843
5562.26032  2042.049
5563.46023  2086.516
5564.66014  2109.432
5565.86005  2022.119
5567.05996  1944.721
5568.25987  2028.743
5569.45978  2038.956
5570.65969  2019.367
5571.8596  1979.422
5573.05951  1890.529
5574.25942  1887.634
5575.45933  2106.381
5576.65924  2485.695
5577.85915  2501.736
5579.05906  2338.246
5580.25897  2064.021
5581.45888  1875.168
5582.65879  1883.483
5583.8587  1943.294
5585.05861  2142.927
5586.25852  1954.936
5587.45843  1914.89
5588.65834  1993.391
5589.85825  1982.15
5591.05816  2029.727
5592.25807  2011.5
5593.45798  2030.13
5594.65789  2002.276
5595.8578  2043.703
5597.05771  1871.232
5598.25762  2057.844
5599.45753  2053.727
5600.65744  2030.394
5601.85735  2168.067
5603.05726  1973.091
5604.25717  2034.27
5605.45708  1988.637
5606.65699  1992.698
5607.8569  2085.81
5609.05681  2020.071
5610.25672  2086.39
5611.45663  2029.206
5612.65654  2114.945
5613.85645  2139.501
5615.05636  2035.562
5616.25627  2024.222
5617.45618  2046.543
5618.65609  2101.803
5619.856  2164.835
5621.05591  2069.997
5622.25582  2066.779
5623.45573  2098.619
5624.65564  2019.794
5625.85555  1958.507
5627.05546  1979.188
5628.25537  1979.104
5629.45528  2001.243
5630.65519  2023.781
5631.8551  2016.223
5633.05501  2055.932
5634.25492  2055.87
5635.45483  1970.203
5636.65474  2002.
5637.85465  2113.276
5639.05456  2091.231
5640.25447  2073.427
5641.45438  2071.426
5642.65429  2084.985
5643.8542  2061.215
5645.05411  2067.083
5646.25402  2072.483
5647.45393  2054.602
5648.65384  2054.793
5649.85375  2009.157
5651.05366  1992.483
5652.25357  2001.173
5653.45348  1991.374
5654.65339  2005.288
5655.8533  1994.734
5657.05321  2062.328
5658.25312  2061.237
5659.45303  1869.621
5660.65294  1809.717
5661.85285  1923.495
5663.05276  1960.078
5664.25267  2037.325
5665.45258  1857.966
5666.65249  1946.299
5667.8524  1938.245
5669.05231  2006.306
5670.25222  2002.836
5671.45213  1913.277
5672.65204  2084.727
5673.85195  1964.05
5675.05186  1895.299
5676.25177  1931.979
5677.45168  1926.57
5678.65159  1846.928
5679.8515  1863.141
5681.05141  1926.442
5682.25132  1934.458
5683.45123  1926.078
5684.65114  1985.293
5685.85105  1916.156
5687.05096  1937.294
5688.25087  1972.287
5689.45078  1916.553
5690.65069  1930.974
5691.8506  1870.457
5693.05051  1832.689
5694.25042  1946.578
5695.45033  1924.481
5696.65024  1875.355
5697.85015  1961.429
5699.05006  1955.896
5700.24997  1916.42
5701.44988  1931.639
5702.64979  1981.036
5703.8497  1980.405
5705.04961  1937.206
5706.24952  1928.853
5707.44943  1962.24
5708.64934  2023.615
5709.84925  1920.766
5711.04916  1859.68
5712.24907  1884.654
5713.44898  2018.45
5714.64889  1982.87
5715.8488  1941.806
5717.04871  1936.515
5718.24862  1911.193
5719.44853  1971.822
5720.64844  1998.326
5721.84835  1909.049
5723.04826  1874.217
5724.24817  1932.267
5725.44808  2001.067
5726.64799  1981.072
5727.8479  1958.223
5729.04781  1926.229
5730.24772  1820.205
5731.44763  1832.835
5732.64754  1950.432
5733.84745  1929.971
5735.04736  1988.392
5736.24727  1830.902
5737.44718  1895.093
5738.64709  1901.474
5739.847  1901.389
5741.04691  1918.005
5742.24682  1937.667
5743.44673  1871.709
5744.64664  1824.724
5745.84655  1882.343
5747.04646  1832.029
5748.24637  1889.245
5749.44628  1926.822
5750.64619  1906.713
5751.8461  1911.612
5753.04601  1951.805
5754.24592  1970.4
5755.44583  1964.843
5756.64574  1894.593
5757.84565  1878.284
5759.04556  1970.49
5760.24547  1978.975
5761.44538  1944.703
5762.64529  1940.315
5763.8452  1944.416
5765.04511  1902.652
5766.24502  1921.775
5767.44493  1928.602
5768.64484  1933.641
5769.84475  1919.951
5771.04466  1977.992
5772.24457  1931.58
5773.44448  1969.271
5774.64439  2028.299
5775.8443  1985.013
5777.04421  1820.457
5778.24412  1991.57
5779.44403  1977.973
5780.64394  1958.221
5781.84385  1985.076
5783.04376  1985.8
5784.24367  1892.976
5785.44358  1955.488
5786.64349  2015.07
5787.8434  1950.357
5789.04331  1958.69
5790.24322  2011.429
5791.44313  1946.2
5792.64304  1977.668
5793.84295  1982.252
5795.04286  1990.993
5796.24277  2082.82
5797.44268  2067.621
5798.64259  2149.615
5799.8425  2062.722
5801.04241  2074.514
5802.24232  2102.153
5803.44223  2050.515
5804.64214  2101.151
5805.84205  2097.817
5807.04196  2059.939
5808.24187  2084.403
5809.44178  2133.769
5810.64169  2195.894
5811.8416  2242.316
5813.04151  2177.245
5814.24142  2149.7
5815.44133  2205.999
5816.64124  2235.487
5817.84115  2429.274
5819.04106  2633.457
5820.24097  2556.401
5821.44088  2388.777
5822.64079  2377.57
5823.8407  2322.153
5825.04061  2355.567
5826.24052  2365.827
5827.44043  2354.72
5828.64034  2464.35
5829.84025  2505.182
5831.04016  2572.031
5832.24007  2671.282
5833.43998  2579.781
5834.63989  2673.542
5835.8398  2774.034
5837.03971  2711.461
5838.23962  2770.297
5839.43953  2772.138
5840.63944  2739.411
5841.83935  2896.307
5843.03926  3015.241
5844.23917  2899.316
5845.43908  2929.225
5846.63899  3023.493
5847.8389  3065.563
5849.03881  3272.79
5850.23872  3560.407
5851.43863  3588.544
5852.63854  3621.788
5853.83845  3607.15
5855.03836  3362.389
5856.23827  3305.389
5857.43818  3188.261
5858.63809  3115.346
5859.838  3049.965
5861.03791  3012.204
5862.23782  2995.913
5863.43773  2970.773
5864.63764  2885.917
5865.83755  2828.917
5867.03746  2834.106
5868.23737  2756.064
5869.43728  2649.74
5870.63719  2667.932
5871.8371  2674.65
5873.03701  2648.505
5874.23692  2703.802
5875.43683  2590.799
5876.63674  2526.486
5877.83665  2471.357
5879.03656  2388.976
5880.23647  2392.765
5881.43638  2398.688
5882.63629  2267.89
5883.8362  2143.427
5885.03611  2108.553
5886.23602  2010.953
5887.43593  1971.626
5888.63584  1813.922
5889.83575  1921.785
5891.03566  2008.09
5892.23557  1909.391
5893.43548  2021.514
5894.63539  1986.835
5895.8353  2110.924
5897.03521  1977.95
5898.23512  2166.56
5899.43503  2090.618
5900.63494  2079.722
5901.83485  2108.668
5903.03476  2192.903
5904.23467  2130.012
5905.43458  2116.822
5906.63449  2118.421
5907.8344  2121.068
5909.03431  2197.398
5910.23422  2249.445
5911.43413  2168.919
5912.63404  2131.635
5913.83395  2142.493
5915.03386  2133.527
5916.23377  2058.598
5917.43368  2072.279
5918.63359  2153.532
5919.8335  2133.128
5921.03341  2115.186
5922.23332  2119.457
5923.43323  2095.251
5924.63314  2126.631
5925.83305  2143.95
5927.03296  2091.738
5928.23287  2030.351
5929.43278  2038.498
5930.63269  2117.321
5931.8326  2082.385
5933.03251  2211.069
5934.23242  2231.651
5935.43233  2161.95
5936.63224  2161.814
5937.83215  2185.95
5939.03206  2157.35
5940.23197  2044.503
5941.43188  1987.864
5942.63179  2000.217
5943.8317  2043.21
5945.03161  1957.892
5946.23152  1958.714
5947.43143  2130.743
5948.63134  2021.654
5949.83125  2097.662
5951.03116  2127.169
5952.23107  2150.229
5953.43098  2106.2
5954.63089  2047.264
5955.8308  2026.629
5957.03071  2030.9
5958.23062  2105.737
5959.43053  2051.612
5960.63044  2094.997
5961.83035  2171.016
5963.03026  2279.556
5964.23017  2406.47
5965.43008  2557.435
5966.62999  2852.643
5967.8299  3163.796
5969.02981  3378.654
5970.22972  3429.583
5971.42963  3289.48
5972.62954  3012.309
5973.82945  2580.736
5975.02936  2258.404
5976.22927  2095.165
5977.42918  2039.954
5978.62909  2100.138
5979.829  2063.924
5981.02891  2062.717
5982.22882  2045.657
5983.42873  2036.269
5984.62864  2010.038
5985.82855  1992.21
5987.02846  2039.137
5988.22837  2066.979
5989.42828  2027.105
5990.62819  2037.587
5991.8281  2000.132
5993.02801  2013.521
5994.22792  2058.999
5995.42783  1918.96
5996.62774  2082.195
5997.82765  1976.108
5999.02756  2017.753
6000.22747  1949.135
6001.42738  1950.546
6002.62729  2050.148
6003.8272  1963.563
6005.02711  1946.896
6006.22702  2012.422
6007.42693  2072.426
6008.62684  2002.305
6009.82675  2043.987
6011.02666  2028.016
6012.22657  2062.421
6013.42648  2099.295
6014.62639  2233.078
6015.8263  2292.661
6017.02621  2295.611
6018.22612  2294.221
6019.42603  2390.613
6020.62594  2624.04
6021.82585  3016.587
6023.02576  3582.701
6024.22567  4439.954
6025.42558  5604.2
6026.62549  6536.764
6027.8254  6752.029
6029.02531  6171.872
6030.22522  5151.158
6031.42513  3913.656
6032.62504  3075.498
6033.82495  2645.006
6035.02486  2343.87
6036.22477  2194.972
6037.42468  2257.737
6038.62459  2214.839
6039.8245  2141.118
6041.02441  2060.417
6042.22432  2248.263
6043.42423  2291.112
6044.62414  2324.833
6045.82405  2415.885
6047.02396  2158.517
6048.22387  2347.431
6049.42378  2153.558
6050.62369  2301.232
6051.8236  2117.62
6053.02351  2104.15
6054.22342  2208.683
6055.42333  2229.044
6056.62324  2194.394
6057.82315  2173.542
6059.02306  2135.106
6060.22297  2179.663
6061.42288  2243.59
6062.62279  2124.85
6063.8227  2092.589
6065.02261  2120.265
6066.22252  2113.097
6067.42243  2082.307
6068.62234  2046.064
6069.82225  2111.161
6071.02216  2129.895
6072.22207  2038.254
6073.42198  2065.005
6074.62189  2158.839
6075.8218  2173.674
6077.02171  2162.365
6078.22162  2160.741
6079.42153  2094.918
6080.62144  2059.189
6081.82135  2144.673
6083.02126  2042.426
6084.22117  1985.489
6085.42108  2082.076
6086.62099  2107.175
6087.8209  2103.922
6089.02081  2199.531
6090.22072  2094.636
6091.42063  2189.645
6092.62054  2068.821
6093.82045  2173.704
6095.02036  2027.454
6096.22027  2066.615
6097.42018  2059.971
6098.62009  2056.468
6099.82  2018.112
6101.01991  2048.006
6102.21982  1994.688
6103.41973  1971.859
6104.61964  2037.844
6105.81955  2055.412
6107.01946  2062.934
6108.21937  1987.44
6109.41928  1958.153
6110.61919  1943.65
6111.8191  1958.763
6113.01901  2001.324
6114.21892  1988.569
6115.41883  1993.301
6116.61874  1982.988
6117.81865  1991.352
6119.01856  2029.375
6120.21847  2000.954
6121.41838  2016.872
6122.61829  2033.561
6123.8182  2004.189
6125.01811  1956.561
6126.21802  2027.72
6127.41793  2020.216
6128.61784  2023.925
6129.81775  2155.936
6131.01766  2053.047
6132.21757  1972.833
6133.41748  2004.058
6134.61739  2000.455
6135.8173  1958.763
6137.01721  2070.788
6138.21712  2063.658
6139.41703  1979.318
6140.61694  2035.637
6141.81685  2146.426
6143.01676  2052.087
6144.21667  2178.729
6145.41658  2035.913
6146.61649  1973.136
6147.8164  1984.592
6149.01631  1980.072
6150.21622  1972.454
6151.41613  1942.851
6152.61604  1890.846
6153.81595  1991.292
6155.01586  2091.801
6156.21577  2074.809
6157.41568  2053.216
6158.61559  2027.914
6159.8155  1970.433
6161.01541  1992.403
6162.21532  2044.472
6163.41523  2049.884
6164.61514  2074.063
6165.81505  2041.633
6167.01496  1968.897
6168.21487  2023.796
6169.41478  2070.899
6170.61469  1966.305
6171.8146  1915.068
6173.01451  1970.64
6174.21442  2051.087
6175.41433  1964.869
6176.61424  2102.358
6177.81415  2066.253
6179.01406  2084.167
6180.21397  2046.035
6181.41388  2088.239
6182.61379  2082.824
6183.8137  2085.836
6185.01361  2083.424
6186.21352  2128.05
6187.41343  2067.299
6188.61334  2114.031
6189.81325  2061.265
6191.01316  2101.931
6192.21307  2099.448
6193.41298  2085.111
6194.61289  2038.403
6195.8128  2080.405
6197.01271  2087.216
6198.21262  2026.93
6199.41253  2074.291
6200.61244  2136.08
6201.81235  2088.525
6203.01226  2095.953
6204.21217  2180.213
6205.41208  2185.997
6206.61199  2158.113
6207.8119  2198.938
6209.01181  2165.379
6210.21172  2145.627
6211.41163  2222.79
6212.61154  2230.791
6213.81145  2261.844
6215.01136  2233.27
6216.21127  2207.352
6217.41118  2266.863
6218.61109  2212.356
6219.811  2135.637
6221.01091  2103.361
6222.21082  2071.832
6223.41073  2122.951
6224.61064  2084.446
6225.81055  2058.894
6227.01046  2161.95
6228.21037  2267.035
6229.41028  2281.677
6230.61019  2231.486
6231.8101  2287.279
6233.01001  2195.116
6234.20992  2189.595
6235.40983  2206.681
6236.60974  2226.682
6237.80965  2157.268
6239.00956  2128.627
6240.20947  2035.165
6241.40938  2117.572
6242.60929  2135.581
6243.8092  2182.592
6245.00911  2189.459
6246.20902  2195.759
6247.40893  2231.014
6248.60884  2151.158
6249.80875  2051.412
6251.00866  2105.039
6252.20857  2166.788
6253.40848  2131.799
6254.60839  2119.832
6255.8083  2124.125
6257.00821  2110.59
6258.20812  2155.85
6259.40803  2207.681
6260.60794  2110.516
6261.80785  2081.644
6263.00776  2138.621
6264.20767  2171.521
6265.40758  2068.274
6266.60749  2025.854
6267.8074  2101.545
6269.00731  2066.167
6270.20722  2111.883
6271.40713  2017.969
6272.60704  2153.009
6273.80695  2043.157
6275.00686  2084.923
6276.20677  1990.022
6277.40668  2100.804
6278.60659  1989.822
6279.8065  2106.157
6281.00641  2083.283
6282.20632  2039.814
6283.40623  2162.542
6284.60614  2084.914
6285.80605  2099.856
6287.00596  2184.99
6288.20587  2103.701
6289.40578  1944.112
6290.60569  1933.969
6291.8056  1989.853
6293.00551  1987.196
6294.20542  2018.605
6295.40533  2003.917
6296.60524  1900.665
6297.80515  1911.656
6299.00506  2030.634
6300.20497  2000.899
6301.40488  1980.832
6302.60479  2010.436
6303.8047  1968.381
6305.00461  2033.698
6306.20452  2088.793
6307.40443  2120.817
6308.60434  2187.831
6309.80425  2120.382
6311.00416  2112.833
6312.20407  2210.844
6313.40398  2151.852
6314.60389  2240.6
6315.8038  2101.112
6317.00371  2103.374
6318.20362  2092.034
6319.40353  2072.185
6320.60344  2136.233
6321.80335  2096.358
6323.00326  2148.059
6324.20317  2104.939
6325.40308  2143.611
6326.60299  2075.641
6327.8029  2083.87
6329.00281  2126.136
6330.20272  2077.17
6331.40263  2085.
6332.60254  2164.279
6333.80245  2196.249
6335.00236  2217.391
6336.20227  2180.009
6337.40218  2094.063
6338.60209  2096.62
6339.802  2106.747
6341.00191  2048.709
6342.20182  2046.574
6343.40173  2123.1
6344.60164  2137.071
6345.80155  2107.477
6347.00146  2105.698
6348.20137  2197.903
6349.40128  2117.368
6350.60119  2096.928
6351.8011  2135.129
6353.00101  2136.397
6354.20092  2170.902
6355.40083  2153.651
6356.60074  2274.479
6357.80065  2113.112
6359.00056  2055.331
6360.20047  2066.874
6361.40038  2139.588
6362.60029  2079.106
6363.8002  2156.439
6365.00011  2165.205
6366.20002  2144.141
6367.39993  2151.077
6368.59984  2157.732
6369.79975  2191.745
6370.99966  2221.429
6372.19957  2231.428
6373.39948  2229.532
6374.59939  2197.709
6375.7993  2147.397
6376.99921  2104.108
6378.19912  2078.084
6379.39903  2103.043
6380.59894  2155.322
6381.79885  2240.772
6382.99876  2290.157
6384.19867  2249.728
6385.39858  2249.795
6386.59849  2208.538
6387.7984  2189.214
6388.99831  2229.054
6390.19822  2264.44
6391.39813  2220.048
6392.59804  2297.054
6393.79795  2184.109
6394.99786  2167.566
6396.19777  2250.231
6397.39768  2265.99
6398.59759  2263.429
6399.7975  2152.769
6400.99741  2247.468
6402.19732  2226.25
6403.39723  2139.625
6404.59714  2287.426
6405.79705  2183.662
6406.99696  2113.163
6408.19687  2127.852
6409.39678  2162.251
6410.59669  2089.862
6411.7966  2105.116
6412.99651  2029.201
6414.19642  2054.928
6415.39633  2066.625
6416.59624  2161.401
6417.79615  2184.919
6418.99606  2175.026
6420.19597  2176.013
6421.39588  2098.004
6422.59579  2060.358
6423.7957  2078.409
6424.99561  2082.222
6426.19552  2098.326
6427.39543  2136.99
6428.59534  2145.519
6429.79525  2128.839
6430.99516  2071.173
6432.19507  2092.711
6433.39498  2107.203
6434.59489  2054.348
6435.7948  2042.427
6436.99471  2194.533
6438.19462  2036.517
6439.39453  2070.114
6440.59444  2157.593
6441.79435  2120.225
6442.99426  2039.562
6444.19417  2084.059
6445.39408  2152.693
6446.59399  2098.938
6447.7939  2186.157
6448.99381  2091.462
6450.19372  2041.004
6451.39363  2079.615
6452.59354  2137.243
6453.79345  2133.
6454.99336  2082.48
6456.19327  2073.622
6457.39318  2062.744
6458.59309  2043.261
6459.793  2042.215
6460.99291  1970.052
6462.19282  2009.493
6463.39273  2060.337
6464.59264  1988.404
6465.79255  1980.492
6466.99246  1947.571
6468.19237  2022.57
6469.39228  2208.471
6470.59219  2311.374
6471.7921  2340.729
6472.99201  2090.656
6474.19192  2036.168
6475.39183  1930.092
6476.59174  2019.16
6477.79165  2009.153
6478.99156  2044.246
6480.19147  2084.246
6481.39138  2013.362
6482.59129  1900.52
6483.7912  2106.903
6484.99111  2009.473
6486.19102  1993.315
6487.39093  2050.958
6488.59084  2062.84
6489.79075  2057.789
6490.99066  1948.563
6492.19057  2014.927
6493.39048  1969.15
6494.59039  1974.186
6495.7903  1924.889
6496.99021  1909.268
6498.19012  2026.968
6499.39003  2084.926
6500.58994  2064.455
6501.78985  2031.53
6502.98976  2032.577
6504.18967  2028.635
6505.38958  2009.78
6506.58949  1995.744
6507.7894  1983.388
6508.98931  1987.171
6510.18922  1968.21
6511.38913  2022.582
6512.58904  2018.637
6513.78895  2100.087
6514.98886  2041.3
6516.18877  1856.949
6517.38868  1929.168
6518.58859  1980.221
6519.7885  1919.974
6520.98841  2018.444
6522.18832  2029.51
6523.38823  1998.973
6524.58814  2003.797
6525.78805  2061.809
6526.98796  2056.154
6528.18787  2065.005
6529.38778  2045.784
6530.58769  1976.477
6531.7876  1993.949
6532.98751  2008.287
6534.18742  1937.557
6535.38733  1984.75
6536.58724  1976.581
6537.78715  1926.214
6538.98706  1953.744
6540.18697  1986.612
6541.38688  1944.197
6542.58679  1922.406
6543.7867  1955.759
6544.98661  1993.27
6546.18652  2006.758
6547.38643  1988.798
6548.58634  1992.207
6549.78625  2035.66
6550.98616  2006.047
6552.18607  1940.719
6553.38598  1883.636
6554.58589  1938.971
6555.7858  2000.373
6556.98571  1938.878
6558.18562  1867.447
6559.38553  1932.754
6560.58544  2020.813
6561.78535  2024.37
6562.98526  2077.747
6564.18517  2097.821
6565.38508  2001.959
6566.58499  1974.246
6567.7849  1976.87
6568.98481  1959.99
6570.18472  1985.571
6571.38463  2024.535
6572.58454  2009.819
6573.78445  1967.571
6574.98436  2103.204
6576.18427  2057.62
6577.38418  1967.027
6578.58409  2014.112
6579.784  2031.631
6580.98391  1985.813
6582.18382  2027.611
6583.38373  2064.37
6584.58364  2024.985
6585.78355  2008.614
6586.98346  1998.508
6588.18337  1975.457
6589.38328  1960.56
6590.58319  1968.377
6591.7831  2015.268
6592.98301  1903.963
6594.18292  1908.839
6595.38283  1943.458
6596.58274  1979.896
6597.78265  1971.5
6598.98256  1977.358
6600.18247  2015.198
6601.38238  2025.454
6602.58229  1947.401
6603.7822  2071.133
6604.98211  2017.949
6606.18202  1991.124
6607.38193000001  1966.475
6608.58184  1988.108
6609.78175  2071.421
6610.98166  2042.793
6612.18157  2014.711
6613.38148  2028.363
6614.58139  2029.986
6615.7813  2036.773
6616.98121  1978.024
6618.18112  2074.141
6619.38103  2037.61
6620.58094  2014.693
6621.78085  2068.614
6622.98076  2056.261
6624.18067  2002.927
6625.38058  2015.731
6626.58049  2001.466
6627.7804  1914.001
6628.98031  1933.676
6630.18022  2045.749
6631.38013  2066.603
6632.58004  2112.158
6633.77995  2071.326
6634.97986  1969.935
6636.17977  2078.651
6637.37968  1977.681
6638.57959  2012.171
6639.7795  1988.814
6640.97941  2028.061
6642.17932  1984.438
6643.37923  2006.498
6644.57914  1990.976
6645.77905  1977.94
6646.97896  2173.771
6648.17887  2032.472
6649.37878  2055.9
6650.57869  2099.386
6651.7786  2075.912
6652.97851  1885.268
6654.17842  1920.773
6655.37833  1935.93
6656.57824  2013.145
6657.77815  2017.235
6658.97806  2016.029
6660.17797  1955.854
6661.37788  1909.839
6662.57779  1939.836
6663.7777  2006.338
6664.97761  2064.513
6666.17752  2034.231
6667.37743  2015.098
6668.57734  2056.928
6669.77725  2019.284
6670.97716000001  1999.112
6672.17707  2041.448
6673.37698  2070.421
6674.57689  2066.511
6675.7768  2145.294
6676.97671  1960.412
6678.17662  1954.239
6679.37653  2025.695
6680.57644  2064.857
6681.77635  2136.292
6682.97626  2048.6
6684.17617  1996.202
6685.37608  2104.014
6686.57599  2066.908
6687.7759  1898.778
6688.97581  1910.222
6690.17572  1987.378
6691.37563  2013.111
6692.57554  1996.102
6693.77545  2013.461
6694.97536  1961.478
6696.17527  1990.791
6697.37518  2065.882
6698.57509  2108.132
6699.775  2094.096
6700.97491  2037.342
6702.17482  2036.513
6703.37473  2030.148
6704.57464  2039.085
6705.77455  2062.364
6706.97446  1992.356
6708.17437  1942.679
6709.37428  1950.881
6710.57419  1987.477
6711.7741  1959.535
6712.97401  1980.084
6714.17392  2070.052
6715.37383  2013.204
6716.57374  2032.104
6717.77365  1977.573
6718.97356  2034.533
6720.17347  1999.062
6721.37338  2028.728
6722.57329  1802.717
6723.7732  2162.586
6724.97311  2033.893
6726.17302  1970.19
6727.37293  1910.157
6728.57284  1960.656
6729.77275  1977.797
6730.97266  1916.72
6732.17257  1888.992
6733.37248  1921.281
6734.57239  1981.6
6735.7723  1943.251
6736.97221  1927.753
6738.17212  1928.675
6739.37203  2021.639
6740.57194  2063.272
6741.77185  1952.563
6742.97176  1899.943
6744.17167  1941.674
6745.37158  1935.095
6746.57149  1922.398
6747.7714  1962.327
6748.97131  1949.14
6750.17122  1960.589
6751.37113000001  1964.655
6752.57104  1998.902
6753.77095  1954.392
6754.97086  1953.514
6756.17077  1991.852
6757.37068  2000.389
6758.57059  2052.875
6759.7705  1909.916
6760.97041  2041.91
6762.17032  1931.517
6763.37023  1930.127
6764.57014  1939.849
6765.77005  1953.709
6766.96996  1981.727
6768.16987  2005.768
6769.36978  1941.452
6770.56969  1910.246
6771.7696  1917.78
6772.96951  1944.158
6774.16942  1969.822
6775.36933  1984.475
6776.56924  1973.357
6777.76915  1970.026
6778.96906  1997.275
6780.16897  2004.393
6781.36888  1961.124
6782.56879  1907.415
6783.7687  1917.719
6784.96861  1945.637
6786.16852  1932.901
6787.36843  1962.995
6788.56834  1968.991
6789.76825  1913.677
6790.96816  1894.555
6792.16807  1970.561
6793.36798  1968.293
6794.56789  1951.17
6795.7678  1934.833
6796.96771  1943.915
6798.16762  1931.32
6799.36753  1995.596
6800.56744  1928.766
6801.76735  1908.755
6802.96726  1926.028
6804.16717  1965.695
6805.36708  1911.288
6806.56699  1970.677
6807.7669  2013.907
6808.96681  1926.63
6810.16672  1940.584
6811.36663  1902.452
6812.56654  1897.695
6813.76645  1875.459
6814.96636  1923.082
6816.16627  1940.9
6817.36618  1951.288
6818.56609  1947.039
6819.766  1967.391
6820.96591  1926.415
6822.16582  1893.329
6823.36573  1951.119
6824.56564  1937.221
6825.76555  1902.774
6826.96546  1851.538
6828.16537  1838.082
6829.36528  1966.326
6830.56519  1955.651
6831.7651  1822.46
6832.96501  1912.07
6834.16492  1871.098
6835.36483  1886.582
6836.56474  2053.648
6837.76465  1879.838
6838.96456  1882.022
6840.16447  1849.132
6841.36438  2000.334
6842.56429  2011.599
6843.7642  1932.674
6844.96411  1927.785
6846.16402  1970.227
6847.36393  1906.307
6848.56384  1937.904
6849.76375  1953.389
6850.96366  1938.363
6852.16357  1925.416
6853.36348  1929.501
6854.56339  1949.445
6855.7633  1937.97
6856.96321  1891.917
6858.16312  1899.845
6859.36303  1899.627
6860.56294  1898.403
6861.76285  1918.722
6862.96276  1925.819
6864.16267  1882.176
6865.36258  1760.64
6866.56249  1906.203
6867.7624  1933.832
6868.96231  1933.294
6870.16222  2061.333
6871.36213  2005.113
6872.56204  1899.663
6873.76195  1993.371
6874.96186  1935.335
6876.16177  1926.281
6877.36168  2040.761
6878.56159  1984.66
6879.7615  1958.542
6880.96141  1966.187
6882.16132  1960.075
6883.36123  1983.365
6884.56114  2014.158
6885.76105  2123.296
6886.96096  2030.881
6888.16087  2019.18
6889.36078  2025.495
6890.56069  2109.598
6891.7606  2022.575
6892.96051  2041.099
6894.16042  2135.317
6895.36033  2065.797
6896.56024  2004.719
6897.76015  1921.151
6898.96006  1771.787
6900.15997  1849.246
6901.35988  1959.037
6902.55979  1895.583
6903.7597  1881.849
6904.95961  1927.724
6906.15952  1942.84
6907.35943  1870.485
6908.55934  1832.038
6909.75925  1862.346
6910.95916  1910.324
6912.15907  1856.359
6913.35898  1958.734
6914.55889  1864.257
6915.7588  1842.965
6916.95871  1869.508
6918.15862  1957.856
6919.35853  1910.34
6920.55844  1848.227
6921.75835  1768.28
6922.95826  1812.085
6924.15817  1796.885
6925.35808  1761.349
6926.55799  1897.834
6927.7579  1758.266
6928.95781  1753.91
6930.15772  1813.958
6931.35763  1848.089
6932.55754  1825.75
6933.75745  1834.485
6934.95736  1833.91
6936.15727  1821.163
6937.35718  1873.951
6938.55709  1908.617
6939.757  1819.594
6940.95691  1759.335
6942.15682  1788.177
6943.35673  1781.475
6944.55664  1799.383
6945.75655  1796.521
6946.95646  1765.299
6948.15637  1782.532
6949.35628  1798.379
6950.55619  1737.627
6951.7561  1830.509
6952.95601  1761.898
6954.15592  1844.201
6955.35583  1757.339
6956.55574  1793.532
6957.75565  1827.167
6958.95556  1674.384
6960.15547  1759.256
6961.35538  1792.568
6962.55529  1792.473
6963.7552  1805.186
6964.95511  1795.294
6966.15502  1804.384
6967.35493  1881.979
6968.55484000001  1941.174
6969.75475  2002.815
6970.95466  2045.067
6972.15457  1983.545
6973.35448  1927.612
6974.55439  1926.747
6975.7543  1900.384
6976.95421  1848.723
6978.15412  1836.841
6979.35403  1847.604
6980.55394  1885.314
6981.75385  1873.9
6982.95376  1841.476
6984.15367  1906.258
6985.35358  1960.449
6986.55349  1936.551
6987.7534  1830.518
6988.95331  1853.426
6990.15322  1860.61
6991.35313  1818.42
6992.55304000001  1873.026
6993.75295  1907.058
6994.95286  1914.728
6996.15277  1873.338
6997.35268  1887.891
6998.55259  1978.317
6999.7525  1943.953
7000.95241  1885.838
7002.15232  1850.145
7003.35223  1852.23
7004.55214  1853.669
7005.75205  1859.532
7006.95196  1794.394
7008.15187  1823.813
7009.35178  1902.841
7010.55169  1880.746
7011.7516  1933.489
7012.95151  1843.49
7014.15142  1760.586
7015.35133  1834.574
7016.55124  1914.737
7017.75115  1927.221
7018.95106  1906.589
7020.15097  1887.476
7021.35088  1857.851
7022.55079  1796.323
7023.7507  1781.556
7024.95061  1789.351
7026.15052  1788.848
7027.35043  1732.013
7028.55034  1767.545
7029.75025  1840.401
7030.95016  1760.734
7032.15007  1926.818
7033.34998  1901.511
7034.54989  1850.156
7035.7498  1797.969
7036.94971  1808.449
7038.14962  1879.808
7039.34953  1988.16
7040.54944  1858.641
7041.74935  1850.263
7042.94926  1932.356
7044.14917  1884.517
7045.34908  1913.035
7046.54899  1977.36
7047.7489  1948.84
7048.94881  1896.802
7050.14872  1815.088
7051.34863  1805.278
7052.54854  1832.355
7053.74845  1831.579
7054.94836  1857.173
7056.14827  1928.491
7057.34818  1971.062
7058.54809  1941.255
7059.748  1903.906
7060.94791  1915.98
7062.14782  1960.398
7063.34773  1955.829
7064.54764  1862.204
7065.74755  1881.171
7066.94746  1895.781
7068.14737  1932.66
7069.34728  1963.614
7070.54719  2030.762
7071.7471  2065.571
7072.94701000001  2064.945
7074.14692  2040.766
7075.34683  2069.459
7076.54674  2049.856
7077.74665  1889.087
7078.94656  1941.477
7080.14647  1899.849
7081.34638  1990.127
7082.54629  1956.547
7083.7462  1977.837
7084.94611  1971.254
7086.14602  1953.416
7087.34593  2021.021
7088.54584  1915.464
7089.74575  1854.27
7090.94566  1824.167
7092.14557  1795.394
7093.34548  1828.28
7094.54539  1853.035
7095.7453  1824.506
7096.94521  1821.295
7098.14512  1881.694
7099.34503  1931.75
7100.54494  1915.749
7101.74485  1882.298
7102.94476  1868.255
7104.14467  1914.998
7105.34458  1893.411
7106.54449  1929.744
7107.74440000001  1823.991
7108.94431  1778.626
7110.14422  1841.625
7111.34413  1900.357
7112.54404  1871.572
7113.74395  1801.117
7114.94386  1836.546
7116.14377  1863.255
7117.34368  1843.17
7118.54359  1864.668
7119.7435  1740.402
7120.94341000001  1803.63
7122.14332  1831.384
7123.34323  1887.651
7124.54314  1864.795
7125.74305  1765.034
7126.94296  1779.02
7128.14287  1756.637
7129.34278  1798.78
7130.54269  1837.77
7131.7426  1875.884
7132.94251  1877.264
7134.14242  1840.245
7135.34233  1822.256
7136.54224  1766.088
7137.74215  1757.259
7138.94206  1836.406
7140.14197  1832.985
7141.34188  1776.202
7142.54179  1768.139
7143.7417  1747.579
7144.94161  1806.966
7146.14152  1744.845
7147.34143  1764.067
7148.54134  1735.923
7149.74125  1789.296
7150.94116  1801.993
7152.14107  1722.831
7153.34098  1761.881
7154.54089  1758.895
7155.7408  1778.081
7156.94071  1796.39
7158.14062  1673.54
7159.34053  1745.002
7160.54044  1786.794
7161.74035  1697.38
7162.94026  1713.318
7164.14017  1725.469
7165.34008  1664.529
7166.53999  1676.422
7167.7399  1699.1
7168.93981  1596.228
7170.13972  1474.253
7171.33963  1428.364
7172.53954000001  1474.311
7173.73945  1542.736
7174.93936  1563.578
7176.13927  1527.556
7177.33918  1478.207
7178.53909  1506.391
7179.739  1562.399
7180.93891  1549.014
7182.13882  1530.498
7183.33873  1389.049
7184.53864  1348.004
7185.73855  1370.424
7186.93846  1366.658
7188.13837000001  1402.216
7189.33828  1483.206
7190.53819  1546.329
7191.7381  1505.262
7192.93801  1453.682
7194.13792  1364.89
7195.33783  1547.367
7196.53774  1416.528
7197.73765  1431.679
7198.93756  1475.391
7200.13747  1378.922
7201.33738  1370.666
7202.53729  1372.034
7203.7372  1406.779
7204.93711  1436.941
7206.13702  1466.646
7207.33693  1513.436
7208.53684  1585.027
7209.73675  1594.38
7210.93666  1627.285
7212.13657  1624.352
7213.33648  1601.548
7214.53639  1683.743
7215.7363  1719.41
7216.93621  1673.962
7218.13612  1671.754
7219.33603  1675.558
7220.53594  1673.429
7221.73585  1617.472
7222.93576  1630.6
7224.13567  1527.532
7225.33558  1594.425
7226.53549  1570.38
7227.7354  1653.862
7228.93531  1638.42
7230.13522  1515.734
7231.33513  1531.484
7232.53504  1437.362
7233.73495  1437.677
7234.93486  1385.943
7236.13477000001  1439.7
7237.33468  1516.293
7238.53459  1580.323
7239.7345  1530.118
7240.93441  1480.17
7242.13432  1447.017
7243.33423  1323.09
7244.53414  1323.807
7245.73405  1398.537
7246.93396  1432.406
7248.13387  1520.306
7249.33378  1461.31
7250.53369  1400.526
7251.7336  1387.445
7252.93351  1398.95
7254.13342  1448.385
7255.33333  1448.711
7256.53324  1492.208
7257.73315  1607.358
7258.93306  1527.45
7260.13297  1440.296
7261.33288  1541.784
7262.53279  1467.152
7263.7327  1425.972
7264.93261  1438.635
7266.13252  1397.108
7267.33243  1510.778
7268.53234000001  1557.687
7269.73225  1542.019
7270.93216  1485.31
7272.13207  1519.582
7273.33198  1484.83
7274.53189  1438.919
7275.7318  1386.227
7276.93171  1503.78
7278.13162  1433.86
7279.33153  1404.565
7280.53144  1420.69
7281.73135  1558.438
7282.93126  1630.157
7284.13117  1739.342
7285.33108  1670.631
7286.53099  1552.721
7287.73090000001  1490.022
7288.93081  1411.546
7290.13072  1412.844
7291.33063  1453.162
7292.53054  1441.382
7293.73045  1466.856
7294.93036  1518.018
7296.13027  1513.674
7297.33018  1521.384
7298.53009  1519.862
7299.73  1533.81
7300.92991  1459.523
7302.12982  1353.747
7303.32973  1452.61
7304.52964  1424.301
7305.72955  1498.883
7306.92946  1530.779
7308.12937  1415.443
7309.32928  1494.566
7310.52919  1562.599
7311.7291  1491.155
7312.92901  1613.178
7314.12892  1438.15
7315.32883  1434.186
7316.52874000001  1535.744
7317.72865  1489.895
7318.92856  1555.579
7320.12847  1553.09
7321.32838  1605.958
7322.52829  1675.574
7323.7282  1583.228
7324.92811  1594.409
7326.12802  1623.861
7327.32793000001  1504.203
7328.52784  1461.643
7329.72775  1505.746
7330.92766  1610.62
7332.12757  1575.954
7333.32748  1518.379
7334.52739  1523.242
7335.7273  1546.365
7336.92721  1608.068
7338.12712  1578.261
7339.32703  1540.922
7340.52694  1615.627
7341.72685  1782.765
7342.92676  1645.324
7344.12667  1566.474
7345.32658  1552.996
7346.52649  1550.956
7347.7264  1603.817
7348.92631000001  1563.035
7350.12622  1599.685
7351.32613  1657.747
7352.52604  1499.775
7353.72595  1622.471
7354.92586  1597.894
7356.12577  1561.391
7357.32568  1484.37
7358.52559  1608.577
7359.7255  1515.014
7360.92541  1484.045
7362.12532  1587.446
7363.32523  1603.917
7364.52514  1610.512
7365.72505  1535.786
7366.92496  1544.185
7368.12487000001  1565.865
7369.32478  1543.124
7370.52469  1541.242
7371.7246  1522.265
7372.92451  1584.737
7374.12442  1600.718
7375.32433  1558.269
7376.52424  1601.452
7377.72415  1626.276
7378.92406  1563.748
7380.12397  1553.999
7381.32388  1614.253
7382.52379  1642.192
7383.7237  1573.42
7384.92361  1508.007
7386.12352  1583.355
7387.32343  1561.437
7388.52334  1590.7
7389.72325  1525.703
7390.92316  1506.285
7392.12307  1589.303
7393.32298  1583.754
7394.52289  1562.169
7395.7228  1605.307
7396.92271  1615.377
7398.12262  1606.076
7399.32253  1512.081
7400.52244  1549.659
7401.72235  1583.938
7402.92226  1579.811
7404.12217  1585.471
7405.32208  1608.225
7406.52199  1542.749
7407.7219  1573.281
7408.92181  1594.042
7410.12172  1553.98
7411.32163  1523.366
7412.52154  1571.994
7413.72145  1602.251
7414.92136  1524.064
7416.12127  1460.585
7417.32118  1455.467
7418.52109  1516.317
7419.721  1585.679
7420.92091  1543.708
7422.12082  1519.107
7423.32073  1560.291
7424.52064  1618.133
7425.72055  1544.364
7426.92046  1581.88
7428.12037  1511.798
7429.32028000001  1598.333
7430.52019  1561.879
7431.7201  1581.168
7432.92001  1521.939
7434.11992  1570.83
7435.31983  1661.587
7436.51974  1559.371
7437.71965  1601.028
7438.91956  1532.714
7440.11947  1560.316
7441.31938  1540.708
7442.51929  1533.96
7443.7192  1501.533
7444.91911  1565.206
7446.11902  1570.358
7447.31893  1583.782
7448.51884  1591.116
7449.71875  1575.425
7450.91866  1577.304
7452.11857  1566.413
7453.31848  1542.296
7454.51839  1540.022
7455.7183  1554.781
7456.91821  1549.988
7458.11812  1557.575
7459.31803  1583.23
7460.51794  1541.965
7461.71785  1523.515
7462.91776  1572.4
7464.11767  1520.956
7465.31758  1474.341
7466.51749  1500.818
7467.7174  1554.87
7468.91731  1510.745
7470.11722  1479.314
7471.31713  1525.879
7472.51704  1485.669
7473.71695  1535.587
7474.91686  1553.535
7476.11677  1623.661
7477.31668  1644.425
7478.51659  1651.672
7479.7165  1486.365
7480.91641  1508.587
7482.11632  1469.528
7483.31623  1534.114
7484.51614  1477.982
7485.71605  1394.356
7486.91596  1492.039
7488.11587  1512.884
7489.31578  1527.764
7490.51569  1465.434
7491.7156  1510.237
7492.91551  1507.858
7494.11542000001  1510.428
7495.31533  1490.198
7496.51524  1522.442
7497.71515  1544.023
7498.91506  1516.643
7500.11497  1535.61
7501.31488  1502.782
7502.51479  1444.675
7503.7147  1489.477
7504.91461  1507.288
7506.11452  1486.305
7507.31443  1501.729
7508.51434  1511.375
7509.71425000001  1443.073
7510.91416  1508.186
7512.11407  1499.578
7513.31398  1425.265
7514.51389  1380.133
7515.7138  1499.422
7516.91371  1489.683
7518.11362  1425.98
7519.31353  1364.143
7520.51344  1351.283
7521.71335  1435.575
7522.91326  1418.475
7524.11317  1471.267
7525.31308  1500.724
7526.51299  1514.336
7527.7129  1474.118
7528.91281  1448.376
7530.11272  1399.478
7531.31263  1493.877
7532.51254  1447.204
7533.71245000001  1419.586
7534.91236  1413.652
7536.11227  1444.915
7537.31218  1499.768
7538.51209  1554.56
7539.712  1655.042
7540.91191  1605.593
7542.11182  1469.981
7543.31173  1458.273
7544.51164  1448.876
7545.71155  1427.676
7546.91146  1458.546
7548.11137  1459.13
7549.31128  1505.137
7550.51119  1483.373
7551.7111  1483.008
7552.91101  1496.11
7554.11092  1497.564
7555.31083  1502.354
7556.51074  1535.909
7557.71065000001  1482.877
7558.91056  1495.866
7560.11047  1489.82
7561.31038  1442.531
7562.51029  1444.078
7563.7102  1600.318
7564.91011  1453.397
7566.11002  1507.148
7567.30993  1551.25
7568.50984  1484.653
7569.70975  1478.57
7570.90966  1367.192
7572.10957  1460.064
7573.30948  1394.745
7574.50939  1475.546
7575.7093  1516.314
7576.90921  1424.224
7578.10912  1367.811
7579.30903  1371.347
7580.50894  1392.942
7581.70885  1482.166
7582.90876  1494.501
7584.10867  1576.036
7585.30858  1606.373
7586.50849  1544.162
7587.7084  1576.235
7588.90831  1563.797
7590.10822000001  1575.827
7591.30813  1528.444
7592.50804  1525.955
7593.70795  1612.141
7594.90786  1621.814
7596.10777  1394.965
7597.30768  1388.898
7598.50759  1478.569
7599.7075  1548.434
7600.90741  1617.727
7602.10732  1529.602
7603.30723  1392.769
7604.50714  1522.901
7605.70705  1328.919
7606.90696  1610.153
7608.10687  1469.015
7609.30678000001  1236.423
7610.50669  1381.859
7611.7066  1522.43
7612.90651  1436.118
7614.10642  1452.051
7615.30633  1358.108
7616.50624  1364.331
7617.70615  1368.393
7618.90606  1401.2
7620.10597  1433.085
7621.30588  1412.138
7622.50579  1445.174
7623.7057  1463.584
7624.90561  1420.379
7626.10552  1456.274
7627.30543  1431.152
7628.50534  1341.787
7629.70525  1387.776
7630.90516  1452.846
7632.10507  1395.016
7633.30498  1416.596
7634.50489000001  1510.347
7635.7048  1425.406
7636.90471  1316.792
7638.10462000001  1352.123
7639.30453  1355.916
7640.50444  1375.928
7641.70435  1447.651
7642.90426  1406.542
7644.10417  1431.925
7645.30408  1293.588
7646.50399  1518.534
7647.7039  1376.941
7648.90381000001  1367.017
7650.10372  1424.956
7651.30363  1328.505
7652.50354  1390.916
7653.70345  1305.284
7654.90336  1192.713
7656.10327  1255.953
7657.30318  1357.133
7658.50309  1410.361
7659.703  1385.841
7660.90291  1374.595
7662.10282  1385.79
7663.30273  1337.131
7664.50264  1390.283
7665.70255  1443.6
7666.90246  1408.894
7668.10237  1334.021
7669.30228  1267.636
7670.50219000001  1336.202
7671.7021  1414.935
7672.90201000001  1354.543
7674.10192  1272.5
7675.30183  1240.719
7676.50174  1274.084
7677.70165  1292.088
7678.90156  1259.094
7680.10147  1314.205
7681.30138  1407.766
7682.50129  1434.916
7683.7012  1385.814
7684.90111  1320.257
7686.10102000001  1342.683
7687.30093  1425.094
7688.50084  1368.217
7689.70075000001  1280.725
7690.90066  1362.091
7692.10057  1376.626
7693.30048  1412.138
7694.50039  1373.789
7695.7003  1463.534
7696.90021  1425.797
7698.10012  1271.725
7699.30003  1281.47
7700.49994  1305.371
7701.69985  1359.486
7702.89976  1351.815
7704.09967  1332.471
7705.29958  1355.379
7706.49949  1246.33
7707.6994  1434.649
7708.89931  1337.058
7710.09922  1314.496
7711.29913  1329.845
7712.49904  1380.775
7713.69895  1359.901
7714.89886  1329.412
7716.09877  1310.987
7717.29868  1331.18
7718.49859000001  1360.031
7719.6985  1303.102
7720.89841  1317.665
7722.09832  1350.721
7723.29823  1245.237
7724.49814  1224.901
7725.69805  1329.777
7726.89796  1259.394
7728.09787  1260.423
7729.29778000001  1265.475
7730.49769  1252.57
7731.6976  1247.294
7732.89751  1279.656
7734.09742  1217.038
7735.29733  1302.471
7736.49724  1363.949
7737.69715000001  1260.63
7738.89706  1182.131
7740.09697  1346.8
7741.29688  1281.011
7742.49679  1245.342
7743.6967  1231.368
7744.89661  1328.939
7746.09652  1315.599
7747.29643  1421.585
7748.49634  1353.729
7749.69625  1409.119
7750.89616000001  1481.236
7752.09607  1485.332
7753.29598000001  1320.843
7754.49589  1290.62
7755.6958  1307.668
7756.89571  1220.744
7758.09562  1213.759
7759.29553  1311.553
7760.49544  1358.146
7761.69535  1352.297
7762.89526  1292.806
7764.09517  1218.117
7765.29508  1219.93
7766.49499  1276.147
7767.6949  1306.067
7768.89481  1299.339
7770.09472000001  1273.371
7771.29463  1283.622
7772.49454  1284.344
7773.69445  1245.825
7774.89436  1320.777
7776.09427  1330.192
7777.29418  1298.451
7778.49409  1252.44
7779.694  1337.509
7780.89391  1244.934
7782.09382  1209.218
7783.29373  1278.256
7784.49364  1340.51
7785.69355  1322.881
7786.89346  1336.635
7788.09337  1324.405
7789.29328000001  1299.664
7790.49319  1278.39
7791.6931  1253.97
7792.89301  1302.119
7794.09292  1407.381
7795.29283  1333.015
7796.49274  1294.182
7797.69265  1187.528
7798.89256  1245.946
7800.09247  1284.706
7801.29238000001  1294.895
7802.49229  1299.588
7803.6922  1322.734
7804.89211  1309.304
7806.09202  1340.095
7807.29193  1381.266
7808.49184  1419.328
7809.69175  1378.312
7810.89166000001  1350.904
7812.09157  1292.719
7813.29148  1228.535
7814.49139  1304.763
7815.6913  1367.312
7816.89121  1303.476
7818.09112  1296.126
7819.29103  1372.534
7820.49094  1408.148
7821.69085  1441.1
7822.89076  1415.535
7824.09067  1331.908
7825.29058  1335.032
7826.49049  1374.988
7827.6904  1407.72
7828.89031  1444.028
7830.09022  1401.519
7831.29013  1348.279
7832.49004  1409.516
7833.68995000001  1419.953
7834.88986  1423.769
7836.08977  1394.044
7837.28968  1377.815
7838.48959  1401.401
7839.6895  1378.097
7840.88941  1493.551
7842.08932  1524.
7843.28923  1562.988
7844.48914  1500.846
7845.68905  1464.026
7846.88896  1563.922
7848.08887  1546.776
7849.28878  1515.321
7850.48869  1592.946
7851.6886  1654.797
7852.88851000001  1699.876
7854.08842  1580.325
7855.28833000001  1626.134
7856.48824  1705.312
7857.68815  1922.633
7858.88806  1927.642
7860.08797  2024.189
7861.28788  1916.114
7862.48779  1749.298
7863.6877  1787.102
7864.88761  1905.112
7866.08752  1916.155
7867.28743  1965.129
7868.48734  2056.375
7869.68725  2047.583
7870.88716  2117.573
7872.08707  2193.226
7873.28698  2264.795
7874.48689  2315.636
7875.6868  2352.717
7876.88671  2417.576
7878.08662  2449.006
7879.28653000001  2524.441
7880.48644  2662.629
7881.68635000001  2865.393
7882.88626  3018.755
7884.08617  3020.214
7885.28608  3000.402
7886.48599  3133.579
7887.6859  3145.7
7888.88581  3150.211
7890.08572  3079.164
7891.28563000001  3369.149
7892.48554000001  3434.848
7893.68545  3482.416
7894.88536  3752.533
7896.08527  3967.595
7897.28518  4399.446
7898.48509  4835.013
7899.685  5123.798
7900.88491  5191.673
7902.08482  5139.651
7903.28473  4979.1
7904.48464  4577.196
7905.68455  4233.215
7906.88446  3916.69
7908.08437  3607.604
7909.28428  3508.339
7910.48419  3490.078
7911.6841  3395.897
7912.88401  3376.953
7914.08392000001  3252.346
7915.28383  3077.306
7916.48374  3051.327
7917.68365  2926.28
7918.88356  2794.164
7920.08347  2821.059
7921.28338  2938.06
7922.48329  2906.525
7923.6832  2876.532
7924.88311  2998.632
7926.08302  2906.615
7927.28293  2754.408
7928.48284  2614.814
7929.68275  2405.227
7930.88266000001  2264.258
7932.08257  2234.736
7933.28248000001  2111.629
7934.48239  1967.224
7935.6823  1864.894
7936.88221  1828.482
7938.08212  1765.425
7939.28203  1711.47
7940.48194  1701.429
7941.68185  1662.182
7942.88176  1637.493
7944.08167  1639.917
7945.28158  1664.751
7946.48149  1537.189
7947.6814  1465.851
7948.88131  1478.227
7950.08122  1582.341
7951.28113  1495.063
7952.48104  1461.414
7953.68095  1394.378
7954.88086  1402.295
7956.08077  1372.465
7957.28068  1354.281
7958.48059  1378.835
7959.6805  1349.062
7960.88041  1309.373
7962.08032  1324.198
7963.28023  1346.982
7964.48014  1428.44
7965.68005  1457.078
7966.87996  1344.199
7968.07987  1277.967
7969.27978  1301.058
7970.47969000001  1297.095
7971.67960000001  1268.731
7972.87951  1228.612
7974.07942  1208.007
7975.27933  1209.84
7976.47924  1205.995
7977.67915  1266.366
7978.87906  1276.42
7980.07897  1251.167
7981.27888  1315.938
7982.47879  1290.854
7983.6787  1222.208
7984.87861  1140.243
7986.07852  1143.614
7987.27843  1184.768
7988.47834  1165.849
7989.67825  1135.937
7990.87816  1205.112
7992.07807  1124.126
7993.27798  1293.589
7994.47789000001  1279.937
7995.67780000001  1243.489
7996.87771  1203.282
7998.07762  1158.581
7999.27753  1010.159
8000.47744  1102.627
8001.67735  1124.387
8002.87726  1077.056
8004.07717  1093.198
8005.27708  1132.819
8006.47699  1126.642
8007.6769  1118.261
8008.87681  1113.691
8010.07672000001  1118.915
8011.27663000001  1086.155
8012.47654  1090.299
8013.67645  1124.489
8014.87636  1080.638
8016.07627  1013.459
8017.27618  958.7926
8018.47609  1031.791
8019.67600000001  1058.104
8020.87591000001  1051.559
8022.07582  1045.354
8023.27573  1050.092
8024.47564  1065.208
8025.67555  1168.076
8026.87546  1175.785
8028.07537  1068.92
8029.27528  1058.275
8030.47519  1014.555
8031.6751  1026.894
8032.87501  1053.641
8034.07492  1073.203
8035.27483  1089.467
8036.47474  1021.254
8037.67465  1019.187
8038.87456  1014.221
8040.07447  1041.741
8041.27438  985.9697
8042.47429000001  995.1017
8043.6742  1042.058
8044.87411  1051.605
8046.07402  1016.691
8047.27393  980.5219
8048.47384  971.407
8049.67375  1085.539
8050.87366  1034.64
8052.07357  1016.196
8053.27348000001  1130.539
8054.47339  1017.364
8055.6733  1006.112
8056.87321  1103.839
8058.07312  1004.084
8059.27303  956.8779
8060.47294  954.1446
8061.67285000001  1093.468
8062.87276  1105.214
8064.07267  1027.297
8065.27258  1045.212
8066.47249  1001.682
8067.6724  1010.322
8068.87231  1042.891
8070.07222  1026.433
8071.27213000001  1011.535
8072.47204000001  1005.352
8073.67195  1015.535
8074.87186000001  995.2795
8076.07177  995.116
8077.27168  982.4065
8078.47159  1010.021
8079.6715  1048.077
8080.87141  1030.709
8082.07132  1008.971
8083.27123  1106.134
8084.47114  1222.667
8085.67105  1250.612
8086.87096  1256.687
8088.07087000001  1235.9
8089.27078  1216.131
8090.47069  1152.077
8091.6706  1036.38
8092.87051  960.5058
8094.07042000001  950.4192
8095.27033  961.912
8096.47024  1008.419
8097.67015  1004.931
8098.87006000001  1034.181
8100.06997  1030.325
8101.26988  1152.627
8102.46979  1244.794
8103.6697  1223.185
8104.86961  1152.503
8106.06952  1112.745
8107.26943  1004.401
8108.46934  979.2244
8109.66925000001  877.359
8110.86916  937.7831
8112.06907  938.5067
8113.26898000001  930.3627
8114.46889  887.1467
8115.66880000001  904.4531
8116.86871  895.1711
8118.06862  881.6531
8119.26853  933.8109
8120.46844  869.9662
8121.66835  884.3043
8122.86826000001  898.4661
8124.06817000001  892.2865
8125.26808  895.021
8126.46799  852.7352
8127.6679  955.6561
8128.86781000001  884.5873
8130.06772  909.2485
8131.26763000001  838.2554
8132.46754  812.2921
8133.66745  806.7728
8134.86736  790.7393
8136.06727  826.7501
8137.26718  883.0293
8138.46709  894.8745
8139.66700000001  859.6962
8140.86691  856.2023
8142.06682  842.1978
8143.26673  836.5706
8144.46664  868.8836
8145.66655  814.6261
8146.86646  753.3784
8148.06637  775.4832
8149.26628  786.9472
8150.46619000001  795.1747
8151.6661  770.4952
8152.86601  746.975
8154.06592  800.3439
8155.26583000001  769.868
8156.46574  794.5637
8157.66565  801.1543
8158.86556  788.6895
8160.06547  798.2571
8161.26538  739.3868
8162.46529  721.9811
8163.6652  747.0372
8164.86511  739.1496
8166.06502  735.5172
8167.26493  760.3302
8168.46484  726.074
8169.66475  710.5909
8170.86466  795.9317
8172.06457000001  809.4554
8173.26448  837.7252
8174.46439000001  768.0075
8175.66430000001  793.4088
8176.86421  756.5734
8178.06412  699.6359
8179.26403  715.4095
8180.46394  754.042
8181.66385  793.7726
8182.86376  807.582
8184.06367  752.09
8185.26358  818.7594
8186.46349  852.2232
8187.6634  770.5771
8188.86331  815.4497
8190.06322000001  866.59
8191.26313000001  791.9575
8192.46304  768.0651
8193.66295  781.4225
8194.86286  846.4072
8196.06277  837.8597
8197.26268  736.737
8198.46259  714.6904
8199.66250000001  745.8481
8200.86241  733.0148
8202.06232000001  735.159
8203.26223  838.5637
8204.46214  875.8187
8205.66205  853.0499
8206.86196  840.7343
8208.06187  831.301
8209.26178  865.3015
8210.46169  872.4944
8211.6616  859.0617
8212.86151000001  874.0171
8214.06142  850.8498
8215.26133  863.5894
8216.46124000001  871.4841
8217.66115  806.5056
8218.86106  799.2544
8220.06097  794.009
8221.26088  822.8528
8222.46079  805.1906
8223.6607  763.1823
8224.86061  717.1896
8226.06052000001  627.2225
8227.26043000001  600.3235
8228.46034  559.346
8229.66025  562.022
8230.86016  616.0309
8232.06007  650.5679
8233.25998000001  608.9697
8234.45989  730.5925
8235.6598  777.5511
8236.85971  762.481
8238.05962000001  789.1991
8239.25953  702.8831
8240.45944  764.087
8241.65935  799.3156
8242.85926  765.4239
8244.05917  810.8504
8245.25908  805.6199
8246.45899  783.5328
8247.6589  782.7046
8248.85881000001  881.5353
8250.05872  865.6152
8251.25863000001  731.3217
8252.45854  829.1524
8253.65845000001  822.2156
8254.85836  746.6151
8256.05827  710.9362
8257.25818  723.7848
8258.45809  723.0494
8259.658  778.6373
8260.85791  768.0117
8262.05782  752.0971
8263.25773  754.424
8264.45764  730.5798
8265.65755  758.65
8266.85746  821.4282
8268.05737000001  865.1538
8269.25728  812.6937
8270.45719000001  846.7895
8271.6571  782.7629
8272.85701  741.3652
8274.05692000001  754.3337
8275.25683  722.476
8276.45674  686.4867
8277.65665000001  715.2939
8278.85656000001  707.3172
8280.05647  712.1942
8281.25638000001  749.2562
8282.45629  815.41
8283.6562  848.814
8284.85611  805.744
8286.05602  778.9075
8287.25593  761.3152
8288.45584  762.7597
8289.65575000001  774.6594
8290.85566  813.9517
8292.05557000001  827.4587
8293.25548  758.8819
8294.45539000001  732.4506
8295.6553  789.4034
8296.85521  872.8998
8298.05512  912.4709
8299.25503  936.471
8300.45494  813.0762
8301.65485  816.7468
8302.85476000001  781.2827
8304.05467  781.7986
8305.25458000001  770.7523
8306.45449  723.8477
8307.6544  748.2567
8308.85431000001  759.7898
8310.05422  788.4429
8311.25413  801.0114
8312.45404  811.3922
8313.65395  791.2897
8314.85386  788.8773
8316.05377000001  801.136
8317.25368  774.7655
8318.45359000001  736.7198
8319.65350000001  742.5136
8320.85341  791.2249
8322.05332000001  754.124
8323.25323  770.8124
8324.45314  736.389
8325.65305  752.6322
8326.85296  781.2115
8328.05287000001  783.6115
8329.25278000001  776.3507
8330.45269000001  692.4719
8331.6526  738.3015
8332.85251000001  799.7773
8334.05242  780.3616
8335.25233  752.5206
8336.45224  758.5972
8337.65215  802.6095
8338.85206  792.5556
8340.05197  884.1594
8341.25188  883.5734
8342.45179  842.6119
8343.6517  884.6681
8344.85161  1031.061
8346.05152000001  891.7487
8347.25143  827.7819
8348.45134  920.613
8349.65125  804.7861
8350.85116000001  767.6301
8352.05107  825.9904
8353.25098  821.0893
8354.45089000001  758.4349
8355.6508  747.5364
8356.85071000001  786.3136
8358.05062  784.5186
8359.25053  765.577
8360.45044000001  743.092
8361.65035  756.2286
8362.85026000001  779.2825
8364.05017  812.8777
8365.25008  803.7061
8366.44999  767.7015
8367.6499  805.5722
8368.84981  797.025
8370.04972000001  767.498
8371.24963000001  778.9901
8372.44954  788.3202
8373.64945000001  783.5132
8374.84936  790.2594
8376.04927  772.2462
8377.24918  760.5631
8378.44909  743.393
8379.64900000001  860.7659
8380.84891000001  886.1921
8382.04882  927.0757
8383.24873  889.5826
8384.44864  851.2492
8385.64855  835.5393
8386.84846000001  816.3348
8388.04837  807.9013
8389.24828  848.6287
8390.44819  823.377
8391.6481  734.1657
8392.84801  844.3858
8394.04792000001  886.4479
8395.24783  921.3593
8396.44774  822.1892
8397.64765000001  865.1854
8398.84756  960.308
8400.04747  1127.897
8401.24738  1017.468
8402.44729  893.6992
8403.6472  848.8683
8404.84711  863.2212
8406.04702  773.9859
8407.24693  780.4997
8408.44684  750.1926
8409.64675  831.5499
8410.84666  829.4017
8412.04657000001  719.248
8413.24648  821.3325
8414.44639000001  846.0356
8415.6463  917.9162
8416.84621  822.1791
8418.04612000001  840.0542
8419.24603  773.3823
8420.44594  848.8724
8421.64585000001  810.6066
8422.84576000001  833.4156
8424.04567  824.5632
8425.24558  841.0599
8426.44549  832.4465
8427.6454  766.8467
8428.84531  762.6923
8430.04522  1020.696
8431.24513000001  829.4319
8432.44504000001  843.1267
8433.64495000001  868.5802
8434.84486000001  798.0969
8436.04477  788.6125
8437.24468  748.0715
8438.44459000001  716.7184
8439.6445  791.4527
8440.84441  814.4061
8442.04432  779.6213
8443.24423  781.1602
8444.44414  789.2231
8445.64405  791.35
8446.84396000001  751.8851
8448.04387  778.6617
8449.24378  815.3231
8450.44369  768.0676
8451.6436  752.4811
8452.84351  771.0504
8454.04342  809.5123
8455.24333  841.0665
8456.44324000001  856.6527
8457.64315000001  823.475
8458.84306000001  770.9746
8460.04297  770.6296
8461.24288  757.9131
8462.44279  787.0247
8463.64270000001  823.2606
8464.84261  854.6197
8466.04252000001  895.4678
8467.24243  776.4417
8468.44234  811.7247
8469.64225  779.5013
8470.84216  804.007
8472.04207  804.9067
8473.24198000001  777.162
8474.44189000001  759.4519
8475.6418  751.1866
8476.84171000001  770.1749
8478.04162  776.462
8479.24153  773.4867
8480.44144  740.6136
8481.64135  795.3
8482.84126000001  777.2793
8484.04117  778.7733
8485.24108  835.5665
8486.44099  811.2422
8487.6409  778.2205
8488.84081  796.9212
8490.04072000001  774.5975
8491.24063  827.0524
8492.44054  859.3525
8493.64045  809.9858
8494.84036  788.3669
8496.04027  735.6536
8497.24018  789.2855
8498.44009000001  831.3619
8499.64  776.7997
8500.83991000001  799.0284
8502.03982  752.3115
8503.23973  750.4512
8504.43964  800.9154
8505.63955  817.1816
8506.83946000001  822.4788
8508.03937  817.6993
8509.23928000001  724.7667
8510.43919  751.3929
8511.63910000001  726.3406
8512.83901  767.9915
8514.03892  736.1682
8515.23883000001  796.9316
8516.43874  790.7021
8517.63865000001  697.437
8518.83856  690.7687
8520.03847  755.9982
8521.23838  725.1674
8522.43829  711.7222
8523.6382  798.1116
8524.83811000001  745.2433
8526.03802  750.1896
8527.23793  720.9911
8528.43784  740.7343
8529.63775  729.5461
8530.83766000001  757.3892
8532.03757  732.5587
8533.23748  730.1107
8534.43739000001  740.0893
8535.63730000001  778.8091
8536.83721  736.4225
8538.03712  651.2164
8539.23703  745.0334
8540.43694  759.4415
8541.63685000001  708.8295
8542.83676  688.8375
8544.03667  671.545
8545.23658  717.0212
8546.43649  713.1913
8547.6364  674.0103
8548.83631  695.7862
8550.03622000001  740.2029
8551.23613  737.5922
8552.43604000001  716.3657
8553.63595  739.4626
8554.83586000001  730.6812
8556.03577000001  672.0998
8557.23568  667.9837
8558.43559000001  694.9489
8559.63550000001  677.1944
8560.83541  675.7917
8562.03532  700.1316
8563.23523  690.2762
8564.43514  674.3881
8565.63505000001  688.884
8566.83496  696.7414
8568.03487  698.2112
8569.23478  706.3763
8570.43469  703.0552
8571.6346  700.3962
8572.83451  662.8716
8574.03442  661.7149
8575.23433000001  711.1991
8576.43424000001  701.1718
8577.63415  688.7111
8578.83406000001  690.2615
8580.03397  711.6662
8581.23388  694.155
8582.43379000001  662.13
8583.6337  675.5773
8584.83361  710.5637
8586.03352000001  711.7318
8587.23343  660.4644
8588.43334  636.4084
8589.63325  712.1385
8590.83316  727.7612
8592.03307  697.9865
8593.23298000001  694.5349
8594.43289  654.9204
8595.6328  664.8754
8596.83271  717.541
8598.03262  764.3779
8599.23253000001  674.4777
8600.43244  641.2022
8601.63235  680.4739
8602.83226000001  731.5191
8604.03217  715.0635
8605.23208  656.6614
8606.43199  671.5308
8607.63190000001  715.829
8608.83181  643.5559
8610.03172  627.6443
8611.23163000001  639.3556
8612.43154  645.1085
8613.63145000001  689.3431
8614.83136  714.587
8616.03127  700.7736
8617.23118000001  754.7822
8618.43109000001  612.3069
8619.63100000001  734.1429
8620.83091  730.7893
8622.03082  690.3262
8623.23073  723.2319
8624.43064  601.0237
8625.63055  741.5753
8626.83046000001  729.6876
8628.03037  653.053
8629.23028000001  677.6306
8630.43019  688.4114
8631.6301  749.3333
8632.83001  701.637
8634.02992000001  695.8571
8635.22983  687.9688
8636.42974  703.7462
8637.62965000001  733.3184
8638.82956  645.6236
8640.02947  696.6241
8641.22938  768.6941
8642.42929  678.723
8643.62920000001  701.5178
8644.82911  694.6395
8646.02902  686.9493
8647.22893  672.2194
8648.42884  620.3283
8649.62875  668.347
8650.82866000001  655.726
8652.02857  639.0916
8653.22848000001  669.4446
8654.42839000001  637.8456
8655.6283  681.1211
8656.82821  726.5402
8658.02812  718.0048
8659.22803000001  689.6896
8660.42794  703.8529
8661.62785000001  692.2714
8662.82776  641.293
8664.02767  719.0981
8665.22758  685.965
8666.42749  711.9608
8667.6274  643.0695
8668.82731  727.9609
8670.02722000001  677.4998
8671.22713  711.0946
8672.42704000001  689.1118
8673.62695  732.1393
8674.82686000001  724.889
8676.02677  688.1132
8677.22668  729.8141
8678.42659000001  615.7192
8679.6265  691.6826
8680.82641  754.9233
8682.02632  692.2787
8683.22623  671.2755
8684.42614  737.3277
8685.62605000001  730.4001
8686.82596  699.3318
8688.02587000001  655.6577
8689.22578000001  658.1014
8690.42569  694.3274
8691.62560000001  638.0512
8692.82551  660.5627
8694.02542  652.122
8695.22533000001  662.8748
8696.42524000001  645.5579
8697.62515  701.4946
8698.82506  713.8244
8700.02497  667.5132
8701.22488  699.7446
8702.42479000001  682.4916
8703.6247  694.3589
8704.82461  734.7215
8706.02452  731.8997
8707.22443  733.9025
8708.42434  700.3232
8709.62425  708.4056
8710.82416000001  669.9992
8712.02407  677.0671
8713.22398000001  701.2032
8714.42389  705.236
8715.62380000001  704.4702
8716.82371  683.2346
8718.02362  651.3082
8719.22353  655.8752
8720.42344000001  656.7839
8721.62335  639.4172
8722.82326  659.2173
8724.02317  695.5291
8725.22308  717.1102
8726.42299000001  674.9565
8727.6229  625.9174
8728.82281  625.1886
8730.02272000001  626.0871
8731.22263000001  614.3796
8732.42254  633.3196
8733.62245  638.7337
8734.82236  624.2701
8736.02227  634.1345
8737.22218000001  624.7188
8738.42209  604.3202
8739.62200000001  608.1434
8740.82191000001  629.2928
8742.02182  611.4014
8743.22173000001  619.2509
8744.42164  638.3468
8745.62155  656.7997
8746.82146  666.3605
8748.02137  659.5801
8749.22128  630.5007
8750.42119  611.5338
8751.6211  643.27
8752.82101  653.2856
8754.02092000001  691.5587
8755.22083000001  694.3532
8756.42074  662.5742
8757.62065  674.4224
8758.82056  701.5026
8760.02047  719.7625
8761.22038  691.4985
8762.42029  668.3788
8763.62020000001  599.2324
8764.82011000001  556.1481
8766.02002  625.2416
8767.21993000001  699.6514
8768.41984  692.8793
8769.61975  594.8527
8770.81966  546.0592
8772.01957000001  605.2037
8773.21948  608.4381
8774.41939000001  609.835
8775.6193  609.5915
8776.81921  605.5383
8778.01912000001  574.1426
8779.21903  530.994
8780.41894  506.1253
8781.61885000001  593.1007
8782.81876  603.7767
8784.01867000001  591.3798
8785.21858  612.8765
8786.41849  610.6639
8787.61840000001  589.4325
8788.81831  590.4893
8790.01822  610.771
8791.21813000001  684.8243
8792.41804000001  611.0804
8793.61795  584.6089
8794.81786000001  617.6471
8796.01777  618.7209
8797.21768  635.8662
8798.41759000001  651.9055
8799.6175  634.6181
8800.81741  626.4355
8802.01732  649.7363
8803.21723  648.6364
8804.41714  654.4253
8805.61705  678.1058
8806.81696  674.1799
8808.01687000001  671.3155
8809.21678  683.9453
8810.41669  664.8603
8811.6166  663.243
8812.81651  679.7337
8814.01642000001  735.765
8815.21633000001  688.0215
8816.41624000001  633.8354
8817.61615  666.8046
8818.81606000001  690.2863
8820.01597  673.1973
8821.21588  666.552
8822.41579  684.3046
8823.6157  662.2166
8824.81561  600.2983
8826.01552  617.6551
8827.21543  1061.04
8828.41534  1049.763
8829.61525  785.5131
8830.81516  748.1561
8832.01507  771.545
8833.21498000001  643.2664
8834.41489  617.2903
8835.61480000001  724.0201
8836.81471  695.6174
8838.01462  657.1467
8839.21453000001  707.3785
8840.41444  682.4394
8841.61435  646.4277
8842.81426000001  665.7551
8844.01417000001  641.826
8845.21408  647.6187
8846.41399000001  628.6954
8847.6139  618.249
8848.81381000001  615.1047
8850.01372  634.0844
8851.21363  654.2035
8852.41354  665.0778
8853.61345  635.9622
8854.81336000001  659.481
8856.01327000001  695.2228
8857.21318000001  664.5112
8858.41309  683.9833
8859.61300000001  668.7236
8860.81291  654.5855
8862.01282  679.1199
8863.21273  659.8539
8864.41264  696.2228
8865.61255  700.598
8866.81246  718.9088
8868.01237000001  789.4798
8869.21228  740.0709
8870.41219000001  754.2488
8871.6121  726.1931
8872.81201  719.1222
8874.01192000001  678.3467
8875.21183  689.2631
8876.41174000001  724.335
8877.61165  707.1345
8878.81156  654.6039
8880.01147  628.9583
8881.21138000001  632.2729
8882.41129  680.9498
8883.61120000001  734.528
8884.81111000001  822.6148
8886.01102  991.6117
8887.21093000001  889.6497
8888.41084  779.2794
8889.61075  681.8601
8890.81066  652.0366
8892.01057000001  646.0766
8893.21048000001  589.0481
8894.41039000001  628.8965
8895.61030000001  655.6592
8896.81021  677.0709
8898.01012000001  693.1947
8899.21003  710.3763
8900.40994000001  653.0978
8901.60985  570.9839
8902.80976  701.2106
8904.00967  692.2437
8905.20958  672.4305
8906.40949  732.2929
8907.6094  685.4622
8908.80931  691.8432
8910.00922  661.1732
8911.20913000001  658.2453
8912.40904  625.8847
8913.60895  614.3303
8914.80886  656.7786
8916.00877000001  733.1548
8917.20868  713.9104
8918.40859  603.4873
8919.60850000001  785.0002
8920.80841  775.1865
8922.00832000001  635.3676
8923.20823  614.8845
8924.40814000001  658.6698
8925.60805000001  619.9543
8926.80796  577.1653
8928.00787000001  577.5806
8929.20778  574.0865
8930.40769  634.4841
8931.6076  651.6565
8932.80751000001  599.3999
8934.00742  589.0301
8935.20733000001  605.8734
8936.40724000001  667.7211
8937.60715  708.4015
8938.80706000001  682.0274
8940.00697  609.5359
8941.20688  578.8944
8942.40679  596.2925
8943.6067  638.6566
8944.80661000001  716.7668
8946.00652000001  698.5491
8947.20643  713.9063
8948.40634000001  620.7972
8949.60625  579.7748
8950.80616  595.9771
8952.00607000001  590.2608
8953.20598  621.0074
8954.40589  645.6262
8955.6058  598.642
8956.80571  614.8564
8958.00562  703.1807
8959.20553000001  746.9432
8960.40544  599.8653
8961.60535  530.5069
8962.80526000001  534.1741
8964.00517  504.6797
8965.20508  481.1016
8966.40499  502.4494
8967.6049  527.7186
8968.80481  565.888
8970.00472  599.9944
8971.20463000001  572.7965
8972.40454000001  543.1248
8973.60445000001  546.4821
8974.80436  586.7544
8976.00427000001  629.6276
8977.20418000001  659.5616
8978.40409  625.9048
8979.60400000001  565.8637
8980.80391  552.5975
8982.00382  574.8578
8983.20373000001  586.9515
8984.40364  595.4009
8985.60355  568.0661
8986.80346000001  522.9047
8988.00337000001  538.546
8989.20328  473.8626
8990.40319  468.9606
8991.6031  487.3996
8992.80301  524.8585
8994.00292000001  568.6902
8995.20283  621.1044
8996.40274000001  639.0623
8997.60265000001  616.2796
8998.80256000001  578.7
9000.00247000001  499.134
9001.20238  562.4857
9002.40229  569.6071
9003.60220000001  591.7394
9004.80211  591.4612
9006.00202  561.3602
9007.20193  557.1887
9008.40184  531.9005
9009.60175000001  539.9055
9010.80166  501.6573
9012.00157000001  479.0849
9013.20148  515.4664
9014.40139000001  547.9366
9015.6013  524.803
9016.80121000001  487.6023
9018.00112  518.187
9019.20103  562.8769
9020.40094000001  581.8157
9021.60085  557.1329
9022.80076000001  589.1469
9024.00067000001  553.7832
9025.20058  540.8582
9026.40049  537.916
9027.6004  552.1958
9028.80031000001  590.5906
9030.00022  619.7255
9031.20013000001  579.7942
9032.40004  554.4567
9033.59995  577.1914
9034.79986000001  640.4269
9035.99977  630.8246
9037.19968  627.1422
9038.39959000001  639.7872
9039.59950000001  541.5256
9040.79941000001  576.1125
9041.99932000001  640.108
9043.19923  585.6761
9044.39914000001  567.1597
9045.59905  590.3345
9046.79896  595.4507
9047.99887000001  660.5448
9049.19878  655.314
9050.39869000001  555.7382
9051.5986  515.5697
9052.79851000001  548.8325
9053.99842  579.111
9055.19833000001  614.053
9056.39824  584.5206
9057.59815  602.3909
9058.79806  645.0512
9059.99797  593.9357
9061.19788  551.9399
9062.39779  573.7889
9063.59770000001  574.6486
9064.79761000001  584.3414
9065.99752000001  569.6436
9067.19743  570.53
9068.39734  542.7778
9069.59725  508.5237
9070.79716  506.9096
9071.99707000001  478.4589
9073.19698000001  562.3875
9074.39689000001  489.4619
9075.59680000001  503.3554
9076.79671000001  553.1093
9077.99662  545.4365
9079.19653  518.5521
9080.39644000001  537.0504
9081.59635  567.8469
9082.79626000001  559.6365
9083.99617  604.4269
9085.19608  530.2634
9086.39599  523.1785
9087.5959  450.3557
9088.79581  558.2443
9089.99572000001  556.3813
9091.19563000001  583.6706
9092.39554  584.3469
9093.59545000001  574.4382
9094.79536  499.8123
9095.99527000001  541.8824
9097.19518  510.3631
9098.39509  598.2472
9099.59500000001  545.8905
9100.79491000001  542.0851
9101.99482  556.2079
9103.19473  617.8297
9104.39464  521.7154
9105.59455  566.2088
9106.79446000001  581.4049
9107.99437  519.8168
9109.19428  536.0916
9110.39419  542.9312
9111.59410000001  619.4714
9112.79401000001  560.9517
9113.99392  514.8876
9115.19383000001  548.4652
9116.39374000001  539.5748
9117.59365000001  536.2424
9118.79356  478.1511
9119.99347000001  527.1658
9121.19338000001  551.0475
9122.39329  610.3298
9123.59320000001  670.1526
9124.79311000001  594.1904
9125.99302  641.8889
9127.19293  569.5728
9128.39284  551.296
9129.59275  507.6753
9130.79266  455.1378
9131.99257000001  525.7971
9133.19248000001  565.9918
9134.39239000001  482.2536
9135.5923  453.3256
9136.79221000001  515.1806
9137.99212  502.1259
9139.19203  542.6373
9140.39194  586.833
9141.59185000001  499.4749
9142.79176  495.201
9143.99167000001  514.7577
9145.19158  557.9581
9146.39149  529.5463
9147.59140000001  542.8898
9148.79131  559.3984
9149.99122  545.7716
