3700.  0.
3701.19991  0.
3702.39982  0.
3703.59973  0.
3704.79964  0.
3705.99955  0.
3707.19946  181.7926
3708.39937  168.4698
3709.59928  162.5172
3710.79919  173.4212
3711.9991  127.6712
3713.19901  118.277
3714.39892  175.6865
3715.59883  166.3844
3716.79874  137.7773
3717.99865  153.9327
3719.19856  152.9062
3720.39847  162.9485
3721.59838  157.5816
3722.79829  156.1017
3723.9982  153.8395
3725.19811  174.0182
3726.39802  168.7756
3727.59793  174.5729
3728.79784  188.903
3729.99775  152.7141
3731.19766  140.8129
3732.39757  147.2531
3733.59748  164.4922
3734.79739  183.5357
3735.9973  168.2495
3737.19721  143.5411
3738.39712  153.6328
3739.59703  212.9541
3740.79694  186.1384
3741.99685  145.0759
3743.19676  175.1353
3744.39667  165.6735
3745.59658  177.2244
3746.79649  185.9624
3747.9964  151.5862
3749.19631  163.811
3750.39622  186.7105
3751.59613  187.052
3752.79604  196.3391
3753.99595  215.2839
3755.19586  167.8819
3756.39577  212.484
3757.59568  159.3263
3758.79559  183.5362
3759.9955  187.7564
3761.19541  149.5783
3762.39532  113.2005
3763.59523  172.2111
3764.79514  187.1887
3765.99505  158.0176
3767.19496  124.9172
3768.39487  122.2988
3769.59478  148.7465
3770.79469  186.9608
3771.9946  186.718
3773.19451  161.2507
3774.39442  166.6796
3775.59433  181.3
3776.79424  180.5453
3777.99415  200.4994
3779.19406  186.2919
3780.39397  171.8815
3781.59388  180.8082
3782.79379  192.4001
3783.9937  216.7947
3785.19361  181.5575
3786.39352  192.396
3787.59343  208.5911
3788.79334  207.4673
3789.99325  219.6144
3791.19316  230.2065
3792.39307  210.1015
3793.59298  208.2895
3794.79289  224.0742
3795.9928  241.0319
3797.19271  211.6689
3798.39262  213.1904
3799.59253  236.2803
3800.79244  231.9307
3801.99235  227.8389
3803.19226  230.7279
3804.39217  211.9082
3805.59208  228.3246
3806.79199  256.7433
3807.9919  248.3308
3809.19181  246.7389
3810.39172  242.2668
3811.59163  260.2332
3812.79154  256.9815
3813.99145  229.8611
3815.19136  261.8082
3816.39127  300.8538
3817.59118  275.4937
3818.79109  301.7837
3819.991  252.6489
3821.19091  284.4923
3822.39082  302.7467
3823.59073  271.533
3824.79064  285.5306
3825.99055  311.8732
3827.19046  290.4468
3828.39037  299.5763
3829.59028  275.3047
3830.79019  298.299
3831.9901  297.3129
3833.19001  267.7843
3834.38992  307.6395
3835.58983  348.8519
3836.78974  301.7671
3837.98965  284.8381
3839.18956  296.2348
3840.38947  302.4593
3841.58938  339.8796
3842.78929  329.2268
3843.9892  305.9223
3845.18911  308.1668
3846.38902  300.8455
3847.58893  302.5895
3848.78884  334.1537
3849.98875  297.1357
3851.18866  291.6407
3852.38857  309.6664
3853.58848  356.7344
3854.78839  344.0923
3855.9883  298.1133
3857.18821  284.5342
3858.38812  291.5429
3859.58803  307.5606
3860.78794  299.2617
3861.98785  307.41
3863.18776  311.5267
3864.38767  293.8332
3865.58758  288.0327
3866.78749  292.8681
3867.9874  250.4104
3869.18731  255.4443
3870.38722  318.3066
3871.58713  280.841
3872.78704  278.9605
3873.98695  309.2762
3875.18686  301.1184
3876.38677  274.0433
3877.58668  279.0972
3878.78659  269.8536
3879.9865  283.4199
3881.18641  285.4972
3882.38632  277.9619
3883.58623  284.3306
3884.78614  276.1585
3885.98605  273.1758
3887.18596  276.6011
3888.38587  277.5188
3889.58578  290.2578
3890.78569  285.8282
3891.9856  300.3511
3893.18551  266.3861
3894.38542  285.5703
3895.58533  289.2975
3896.78524  300.2892
3897.98515  286.5762
3899.18506  291.0365
3900.38497  270.9445
3901.58488  281.6422
3902.78479  299.2524
3903.9847  298.8971
3905.18461  280.6132
3906.38452  262.5524
3907.58443  289.5823
3908.78434  283.4125
3909.98425  277.9412
3911.18416  274.4697
3912.38407  314.9452
3913.58398  276.9703
3914.78389  302.5744
3915.9838  327.2775
3917.18371  285.7526
3918.38362  327.3924
3919.58353  315.2468
3920.78344  270.8528
3921.98335  280.8363
3923.18326  321.2688
3924.38317  294.4552
3925.58308  290.6494
3926.78299  245.8175
3927.9829  270.7142
3929.18281  297.8268
3930.38272  291.4588
3931.58263  313.4029
3932.78254  288.3161
3933.98245  277.9205
3935.18236  300.947
3936.38227  284.452
3937.58218  284.1466
3938.78209  305.6571
3939.982  255.8242
3941.18191  257.4355
3942.38182  337.0421
3943.58173  326.4864
3944.78164  332.8657
3945.98155  308.6081
3947.18146  281.5868
3948.38137  300.2957
3949.58128  341.4197
3950.78119  299.9535
3951.9811  310.3265
3953.18101  316.0947
3954.38092  295.8484
3955.58083  307.6104
3956.78074  335.9851
3957.98065  326.4594
3959.18056  310.696
3960.38047  301.8625
3961.58038  315.228
3962.78029  323.4795
3963.9802  304.495
3965.18011  282.8157
3966.38002  323.7125
3967.57993  321.89
3968.77984  261.7555
3969.97975  334.1697
3971.17966  363.5208
3972.37957  347.474
3973.57948  334.3635
3974.77939  298.1574
3975.9793  304.446
3977.17921  359.1154
3978.37912  336.9282
3979.57903  310.2663
3980.77894  312.2683
3981.97885  302.7379
3983.17876  305.4095
3984.37867  330.2538
3985.57858  345.1891
3986.77849  322.5401
3987.9784  319.3632
3989.17831  356.5572
3990.37822  331.7617
3991.57813  325.3381
3992.77804  351.1035
3993.97795  347.1142
3995.17786  391.6539
3996.37777  378.3445
3997.57768  331.9702
3998.77759  385.8925
3999.9775  332.7047
4001.17741  343.3954
4002.37732  367.0925
4003.57723  353.8769
4004.77714  401.5503
4005.97705  370.4846
4007.17696  390.5234
4008.37687  358.2848
4009.57678  377.4138
4010.77669  378.1837
4011.9766  375.8085
4013.17651  373.4082
4014.37642  395.9786
4015.57633  383.0935
4016.77624  383.1258
4017.97615  376.7819
4019.17606  393.2286
4020.37597  362.5596
4021.57588  339.5078
4022.77579  378.7843
4023.9757  348.3341
4025.17561  334.3511
4026.37552  350.976
4027.57543  350.7764
4028.77534  364.6516
4029.97525  363.3506
4031.17516  358.5707
4032.37507  354.1089
4033.57498  381.3958
4034.77489  402.3448
4035.9748  379.3091
4037.17471  378.4915
4038.37462  372.2037
4039.57453  378.2451
4040.77444  373.5262
4041.97435  386.9779
4043.17426  382.1234
4044.37417  367.5358
4045.57408  382.1104
4046.77399  378.8303
4047.9739  406.9632
4049.17381  365.0811
4050.37372  371.1264
4051.57363  401.6132
4052.77354  346.0154
4053.97345  407.0253
4055.17336  376.7625
4056.37327  344.7294
4057.57318  369.4863
4058.77309  388.3779
4059.973  366.6537
4061.17291  374.4167
4062.37282  363.494
4063.57273  399.3228
4064.77264  405.6748
4065.97255  386.2358
4067.17246  355.0427
4068.37237  365.8403
4069.57228  411.6608
4070.77219  409.2921
4071.9721  398.6181
4073.17201  389.7708
4074.37192  397.2198
4075.57183  414.4052
4076.77174  415.4308
4077.97165  439.2355
4079.17156  410.6607
4080.37147  382.1108
4081.57138  374.5309
4082.77129  362.9292
4083.9712  446.6637
4085.17111  432.0214
4086.37102  449.5472
4087.57093  373.0656
4088.77084  429.2938
4089.97075  419.6489
4091.17066  403.5266
4092.37057  433.7343
4093.57048  433.976
4094.77039  468.3922
4095.9703  449.5286
4097.17021  446.5146
4098.37012  462.7953
4099.57003  462.1825
4100.76994  431.0449
4101.96985  415.7585
4103.16976  445.5384
4104.36967  434.1598
4105.56958  416.9158
4106.76949  437.3178
4107.9694  492.2599
4109.16931  474.7343
4110.36922  443.8874
4111.56913  419.5308
4112.76904  490.7518
4113.96895  462.5631
4115.16886  459.4084
4116.36877  436.3593
4117.56868  457.5878
4118.76859  454.8701
4119.9685  481.2834
4121.16841  460.1228
4122.36832  427.9077
4123.56823  463.795
4124.76814  455.7212
4125.96805  458.9355
4127.16796  501.4348
4128.36787  482.2277
4129.56778  462.8444
4130.76769  485.1805
4131.9676  499.588
4133.16751  472.8486
4134.36742  488.852
4135.56733  511.1851
4136.76724  471.7108
4137.96715  509.6949
4139.16706  523.535
4140.36697  493.5471
4141.56688  515.1014
4142.76679  551.5208
4143.9667  528.1661
4145.16661  466.3741
4146.36652  492.1706
4147.56643  527.8545
4148.76634  511.0158
4149.96625  486.3472
4151.16616  485.7384
4152.36607  548.3232
4153.56598  533.4815
4154.76589  532.6069
4155.9658  531.5322
4157.16571  553.2286
4158.36562  520.2926
4159.56553  529.1849
4160.76544  547.9918
4161.96535  573.9569
4163.16526  529.5079
4164.36517  551.8838
4165.56508  580.9764
4166.76499  541.0768
4167.9649  558.5003
4169.16481  579.021
4170.36472  574.1878
4171.56463  557.2826
4172.76454  569.9488
4173.96445  569.7886
4175.16436  580.3116
4176.36427  588.257
4177.56418  587.2272
4178.76409  614.0645
4179.964  577.6396
4181.16391  630.1534
4182.36382  631.7596
4183.56373  660.4368
4184.76364  624.1774
4185.96355  615.7086
4187.16346  606.1679
4188.36337  657.9524
4189.56328  669.985
4190.76319  683.6762
4191.9631  623.7773
4193.16301  639.7744
4194.36292  671.3473
4195.56283  646.6708
4196.76274  634.7526
4197.96265  666.9085
4199.16256  665.9611
4200.36247  697.352
4201.56238  728.6915
4202.76229  697.8911
4203.9622  689.0488
4205.16211  713.1897
4206.36202  685.0835
4207.56193  696.2422
4208.76184  717.4102
4209.96175  740.4631
4211.16166  760.9819
4212.36157  768.5266
4213.56148  752.9275
4214.76139  802.3872
4215.9613  759.6423
4217.16121  800.4658
4218.36112  827.9943
4219.56103  840.1426
4220.76094  868.0297
4221.96085  904.6047
4223.16076  867.6869
4224.36067  933.0828
4225.56058  908.3212
4226.76049  906.756
4227.9604  909.2401
4229.16031  1004.821
4230.36022  968.7974
4231.56013  1022.608
4232.76004  1012.276
4233.95995  1056.946
4235.15986  1105.558
4236.35977  1118.312
4237.55968  1166.304
4238.75959  1123.389
4239.9595  1173.319
4241.15941  1200.623
4242.35932  1223.003
4243.55923  1236.446
4244.75914  1282.779
4245.95905  1322.725
4247.15896  1323.905
4248.35887  1381.934
4249.55878  1385.704
4250.75869  1379.666
4251.9586  1365.604
4253.15851  1411.911
4254.35842  1364.503
4255.55833  1361.831
4256.75824  1357.544
4257.95815  1230.7
4259.15806  1192.024
4260.35797  1096.416
4261.55788  1170.996
4262.75779  1112.55
4263.9577  1149.915
4265.15761  1083.409
4266.35752  1011.702
4267.55743  997.6292
4268.75734  992.3794
4269.95725  945.4955
4271.15716  939.0176
4272.35707  913.2787
4273.55698  978.5078
4274.75689  972.4439
4275.9568  877.0544
4277.15671  839.8765
4278.35662  870.4775
4279.55653  863.785
4280.75644  902.0317
4281.95635  883.398
4283.15626  859.8862
4284.35617  818.6273
4285.55608  782.2842
4286.75599  748.3846
4287.9559  747.9675
4289.15581  820.8162
4290.35572  846.2488
4291.55563  838.0815
4292.75554  817.8333
4293.95545  818.628
4295.15536  811.6458
4296.35527  819.6077
4297.55518  830.6825
4298.75509  784.3421
4299.955  776.3923
4301.15491  786.7328
4302.35482  791.7581
4303.55473  779.2878
4304.75464  730.795
4305.95455  724.4103
4307.15446  724.5221
4308.35437  737.5244
4309.55428  739.444
4310.75419  758.2507
4311.9541  760.2341
4313.15401  711.848
4314.35392  750.6907
4315.55383  765.7215
4316.75374  755.2116
4317.95365  707.4314
4319.15356  694.9072
4320.35347  714.8258
4321.55338  738.3516
4322.75329  714.4033
4323.9532  733.4137
4325.15311  750.5297
4326.35302  724.8969
4327.55293  701.8422
4328.75284  698.2112
4329.95275  727.5144
4331.15266  715.3357
4332.35257  655.8778
4333.55248  662.267
4334.75239  645.6837
4335.9523  636.6834
4337.15221  671.0839
4338.35212  676.3182
4339.55203  692.6951
4340.75194  676.8539
4341.95185  686.8137
4343.15176  669.3097
4344.35167  599.9494
4345.55158  659.9296
4346.75149  682.7527
4347.9514  756.4337
4349.15131  719.3721
4350.35122  654.2943
4351.55113  649.3007
4352.75104  724.9262
4353.95095  680.3946
4355.15086  696.147
4356.35077  660.0757
4357.55068  631.4072
4358.75059  660.5318
4359.9505  662.8852
4361.15041  680.6442
4362.35032  658.545
4363.55023  650.2297
4364.75014  648.2469
4365.95005  697.0984
4367.14996  694.408
4368.34987  647.1549
4369.54978  614.7476
4370.74969  659.5947
4371.9496  692.4691
4373.14951  674.2046
4374.34942  661.5426
4375.54933  661.5396
4376.74924  673.3112
4377.94915  651.88
4379.14906  666.2143
4380.34897  661.3521
4381.54888  658.746
4382.74879  673.2803
4383.9487  706.9022
4385.14861  683.2312
4386.34852  686.3133
4387.54843  697.7362
4388.74834  674.5831
4389.94825  668.3444
4391.14816  701.7384
4392.34807  656.0831
4393.54798  626.2352
4394.74789  664.4614
4395.9478  670.5497
4397.14771  710.5597
4398.34762  665.3311
4399.54753  659.314
4400.74744  654.8173
4401.94735  658.9051
4403.14726  696.3229
4404.34717  676.6435
4405.54708  590.4435
4406.74699  655.7658
4407.9469  617.4839
4409.14681  594.3295
4410.34672  470.43
4411.54663  295.0875
4412.74654  652.2963
4413.94645  647.8065
4415.14636  627.3796
4416.34627  655.8644
4417.54618  642.3444
4418.74609  652.4756
4419.946  707.786
4421.14591  700.6301
4422.34582  684.494
4423.54573  648.7526
4424.74564  610.2902
4425.94555  643.8741
4427.14546  511.4884
4428.34537  495.6545
4429.54528  622.9454
4430.74519  596.0323
4431.9451  646.4868
4433.14501  696.8361
4434.34492  669.465
4435.54483  667.1757
4436.74474  678.8323
4437.94465  611.6926
4439.14456  608.8899
4440.34447  649.0858
4441.54438  663.1691
4442.74429  659.9707
4443.9442  675.4641
4445.14411  701.0939
4446.34402  654.9568
4447.54393  633.1697
4448.74384  683.1979
4449.94375  760.4636
4451.14366  736.3179
4452.34357  690.5183
4453.54348  621.6463
4454.74339  669.8912
4455.9433  669.6351
4457.14321  664.7535
4458.34312  707.2056
4459.54303  721.0351
4460.74294  727.3281
4461.94285  666.4594
4463.14276  624.9797
4464.34267  740.7095
4465.54258  663.7429
4466.74249  651.3607
4467.9424  700.799
4469.14231  720.8652
4470.34222  683.9161
4471.54213  661.7964
4472.74204  696.0882
4473.94195  673.9305
4475.14186  691.9563
4476.34177  727.9084
4477.54168  719.6398
4478.74159  652.8933
4479.9415  690.57
4481.14141  732.162
4482.34132  722.9316
4483.54123  702.3403
4484.74114  708.0927
4485.94105  680.1405
4487.14096  698.3892
4488.34087  748.0171
4489.54078  760.1038
4490.74069  761.7851
4491.9406  775.0507
4493.14051  761.648
4494.34042  758.8417
4495.54033  768.2352
4496.74024  804.3232
4497.94015  859.6259
4499.14006  828.8509
4500.33997  829.5893
4501.53988  821.2751
4502.73979  810.2083
4503.9397  810.962
4505.13961  721.2118
4506.33952  788.5215
4507.53943  756.5101
4508.73934  773.8647
4509.93925  650.4489
4511.13916  681.2389
4512.33907  699.9456
4513.53898  722.6976
4514.73889  747.4617
4515.9388  671.8461
4517.13871  714.8536
4518.33862  803.1667
4519.53853  735.111
4520.73844  785.7295
4521.93835  763.7665
4523.13826  723.7559
4524.33817  722.8425
4525.53808  698.1354
4526.73799  675.1487
4527.9379  683.5378
4529.13781  726.0786
4530.33772  741.6561
4531.53763  761.1347
4532.73754  759.2446
4533.93745  723.534
4535.13736  711.4286
4536.33727  737.3769
4537.53718  711.0581
4538.73709  724.96
4539.937  749.5052
4541.13691  771.7798
4542.33682  756.4613
4543.53673  727.7721
4544.73664  756.5022
4545.93655  724.2078
4547.13646  706.5217
4548.33637  753.0051
4549.53628  746.8065
4550.73619  764.6295
4551.9361  801.6755
4553.13601  749.8961
4554.33592  762.6107
4555.53583  787.6757
4556.73574  762.502
4557.93565  787.2437
4559.13556  812.4929
4560.33547  752.3395
4561.53538  698.6841
4562.73529  693.2457
4563.9352  724.5084
4565.13511  810.8849
4566.33502  765.6567
4567.53493  698.3214
4568.73484  720.5307
4569.93475  786.9545
4571.13466  758.3346
4572.33457  762.1476
4573.53448  782.6834
4574.73439  768.5379
4575.9343  788.6392
4577.13421  714.3743
4578.33412  698.5959
4579.53403  673.5994
4580.73394  726.11
4581.93385  738.8622
4583.13376  735.5746
4584.33367  751.2361
4585.53358  745.3388
4586.73349  719.1786
4587.9334  766.2927
4589.13331  654.7219
4590.33322  631.7988
4591.53313  650.1927
4592.73304  750.832
4593.93295  671.2254
4595.13286  769.5095
4596.33277  719.8601
4597.53268  774.6119
4598.73259  738.7233
4599.9325  712.9883
4601.13241  687.0856
4602.33232  662.9332
4603.53223  700.8772
4604.73214  737.1715
4605.93205  738.9067
4607.13196  734.04
4608.33187  719.5217
4609.53178  722.5974
4610.73169  701.7359
4611.9316  695.6347
4613.13151  721.0388
4614.33142  683.2155
4615.53133  695.0376
4616.73124  728.7963
4617.93115  696.0903
4619.13106  701.7523
4620.33097  755.3595
4621.53088  704.4085
4622.73079  669.1155
4623.9307  719.3896
4625.13061  732.1934
4626.33052  694.8161
4627.53043  692.5698
4628.73034  685.7321
4629.93025  699.7525
4631.13016  688.9816
4632.33007  701.2951
4633.52998  688.6608
4634.72989  670.7242
4635.9298  685.1892
4637.12971  689.8635
4638.32962  700.6458
4639.52953  690.1
4640.72944  690.5969
4641.92935  634.8373
4643.12926  646.6964
4644.32917  678.3382
4645.52908  702.909
4646.72899  693.3554
4647.9289  703.9074
4649.12881  691.1565
4650.32872  661.2862
4651.52863  654.2648
4652.72854  647.1134
4653.92845  679.1102
4655.12836  666.6598
4656.32827  661.4424
4657.52818  691.0767
4658.72809  700.9893
4659.928  665.1119
4661.12791  670.1279
4662.32782  659.14
4663.52773  712.9389
4664.72764  702.4312
4665.92755  618.5984
4667.12746  664.2049
4668.32737  690.2771
4669.52728  678.8156
4670.72719  623.347
4671.9271  644.8978
4673.12701  617.8321
4674.32692  679.7957
4675.52683  677.5653
4676.72674  698.4181
4677.92665  689.2251
4679.12656  666.2512
4680.32647  637.4057
4681.52638  682.8082
4682.72629  671.4682
4683.9262  612.5768
4685.12611  634.1066
4686.32602  676.1547
4687.52593  672.172
4688.72584  698.3177
4689.92575  659.134
4691.12566  666.6143
4692.32557  704.2715
4693.52548  637.377
4694.72539  675.1315
4695.9253  710.1608
4697.12521  670.0997
4698.32512  642.2922
4699.52503  693.4937
4700.72494  682.429
4701.92485  715.3069
4703.12476  693.2008
4704.32467  686.51
4705.52458  691.8151
4706.72449  705.3723
4707.9244  711.0322
4709.12431  706.2357
4710.32422  721.7039
4711.52413  708.143
4712.72404  709.9747
4713.92395  698.3561
4715.12386  719.722
4716.32377  675.0618
4717.52368  669.2457
4718.72359  740.9581
4719.9235  707.6938
4721.12341  688.288
4722.32332  750.8168
4723.52323  715.4643
4724.72314  718.4687
4725.92305  762.6644
4727.12296  762.9097
4728.32287  720.1475
4729.52278  682.0592
4730.72269  701.0685
4731.9226  748.8755
4733.12251  758.2548
4734.32242  752.8179
4735.52233  710.7941
4736.72224  726.8484
4737.92215  725.1634
4739.12206  683.8478
4740.32197  702.3669
4741.52188  703.4374
4742.72179  684.4791
4743.9217  740.9575
4745.12161  695.2346
4746.32152  690.7784
4747.52143  715.6451
4748.72134  696.0638
4749.92125  685.8344
4751.12116  704.6177
4752.32107  775.4764
4753.52098  730.5395
4754.72089  705.0099
4755.9208  689.4725
4757.12071  671.8095
4758.32062  680.9255
4759.52053  685.9971
4760.72044  723.373
4761.92035  720.5765
4763.12026  704.1292
4764.32017  690.3815
4765.52008  685.3863
4766.71999  706.0392
4767.9199  727.4861
4769.11981  773.8405
4770.31972  710.1204
4771.51963  759.5084
4772.71954  736.3018
4773.91945  694.1808
4775.11936  670.515
4776.31927  714.2156
4777.51918  740.3748
4778.71909  734.0048
4779.919  729.0916
4781.11891  722.9571
4782.31882  750.8559
4783.51873  773.6976
4784.71864  783.4058
4785.91855  748.2399
4787.11846  732.3198
4788.31837  788.7565
4789.51828  748.0773
4790.71819  698.0898
4791.9181  725.0988
4793.11801  758.4762
4794.31792  827.3702
4795.51783  815.2801
4796.71774  787.1751
4797.91765  757.0259
4799.11756  816.4735
4800.31747  799.5115
4801.51738  771.8214
4802.71729  749.5148
4803.9172  703.2413
4805.11711  719.3514
4806.31702  724.1534
4807.51693  749.5132
4808.71684  770.1188
4809.91675  838.3484
4811.11666  728.6649
4812.31657  705.3652
4813.51648  771.8951
4814.71639  776.5767
4815.9163  771.7741
4817.11621  725.3457
4818.31612  719.0445
4819.51603  751.4272
4820.71594  738.6843
4821.91585  718.8356
4823.11576  720.992
4824.31567  719.3556
4825.51558  736.7701
4826.71549  737.454
4827.9154  740.1665
4829.11531  705.4022
4830.31522  671.8017
4831.51513  759.1454
4832.71504  745.1086
4833.91495  721.3685
4835.11486  714.8702
4836.31477  765.1632
4837.51468  755.0538
4838.71459  756.1537
4839.9145  728.457
4841.11441  710.2841
4842.31432  757.5804
4843.51423  756.2097
4844.71414  721.4394
4845.91405  682.0126
4847.11396  710.8525
4848.31387  740.0595
4849.51378  733.2823
4850.71369  764.8566
4851.9136  741.3665
4853.11351  717.4257
4854.31342  711.0681
4855.51333  696.5054
4856.71324  724.1911
4857.91315  721.4985
4859.11306  733.6659
4860.31297  737.7686
4861.51288  716.4455
4862.71279  734.0739
4863.9127  709.2473
4865.11261  684.5829
4866.31252  682.1403
4867.51243  694.7386
4868.71234  723.2024
4869.91225  744.8112
4871.11216  709.7151
4872.31207  699.07
4873.51198  657.4711
4874.71189  656.7645
4875.9118  678.0213
4877.11171  657.6256
4878.31162  664.8853
4879.51153  677.6912
4880.71144  661.4992
4881.91135  695.3462
4883.11126  735.2662
4884.31117  703.3259
4885.51108  651.6683
4886.71099  675.1827
4887.9109  700.0942
4889.11081  705.5604
4890.31072  704.4124
4891.51063  716.1212
4892.71054  723.8124
4893.91045  682.5493
4895.11036  689.3849
4896.31027  717.8426
4897.51018  703.3356
4898.71009  713.9677
4899.91  730.98
4901.10991  706.0974
4902.30982  671.9066
4903.50973  735.1852
4904.70964  769.1843
4905.90955  679.1442
4907.10946  658.8752
4908.30937  691.3647
4909.50928  673.92
4910.70919  674.1024
4911.9091  712.7116
4913.10901  716.748
4914.30892  694.3955
4915.50883  682.0573
4916.70874  713.6757
4917.90865  751.1926
4919.10856  713.7961
4920.30847  722.9901
4921.50838  699.9509
4922.70829  690.3041
4923.9082  722.022
4925.10811  711.6793
4926.30802  696.5244
4927.50793  651.3163
4928.70784  669.9617
4929.90775  711.763
4931.10766  720.5137
4932.30757  735.3718
4933.50748  722.275
4934.70739  706.1751
4935.9073  698.0752
4937.10721  687.3923
4938.30712  692.79
4939.50703  734.2131
4940.70694  748.6989
4941.90685  737.8994
4943.10676  784.3151
4944.30667  787.9174
4945.50658  772.6509
4946.70649  752.8942
4947.9064  704.2349
4949.10631  705.9
4950.30622  683.1536
4951.50613  708.3227
4952.70604  701.8721
4953.90595  703.1811
4955.10586  731.4612
4956.30577  713.6976
4957.50568  737.8566
4958.70559  768.4081
4959.9055  757.1529
4961.10541  750.5278
4962.30532  735.0523
4963.50523  689.0003
4964.70514  715.7407
4965.90505  749.6453
4967.10496  778.1378
4968.30487  764.2305
4969.50478  742.8795
4970.70469  744.5977
4971.9046  720.5146
4973.10451  754.512
4974.30442  762.1409
4975.50433  758.538
4976.70424  725.0934
4977.90415  734.4829
4979.10406  757.3738
4980.30397  768.3167
4981.50388  720.7153
4982.70379  729.1769
4983.9037  743.9839
4985.10361  758.8204
4986.30352  741.1007
4987.50343  730.1147
4988.70334  783.5349
4989.90325  742.7249
4991.10316  720.8221
4992.30307  742.2402
4993.50298  777.0197
4994.70289  757.912
4995.9028  739.0192
4997.10271  703.8502
4998.30262  725.0359
4999.50253  692.0771
5000.70244  677.1489
5001.90235  724.9707
5003.10226  704.8462
5004.30217  697.4949
5005.50208  707.1641
5006.70199  672.5016
5007.9019  690.9941
5009.10181  683.452
5010.30172  705.1629
5011.50163  739.3192
5012.70154  714.6763
5013.90145  716.8727
5015.10136  716.0801
5016.30127  718.1797
5017.50118  728.4004
5018.70109  731.7227
5019.901  745.5502
5021.10091  742.437
5022.30082  712.9321
5023.50073  733.6085
5024.70064  730.1832
5025.90055  719.4214
5027.10046  737.7231
5028.30037  754.888
5029.50028  806.9984
5030.70019  757.9711
5031.9001  721.7497
5033.10001  739.0609
5034.29992  745.5297
5035.49983  771.5467
5036.69974  752.6963
5037.89965  815.506
5039.09956  754.7457
5040.29947  701.7255
5041.49938  741.5016
5042.69929  735.4008
5043.8992  709.8483
5045.09911  717.0449
5046.29902  752.6566
5047.49893  765.1393
5048.69884  722.2925
5049.89875  700.528
5051.09866  790.8866
5052.29857  797.1061
5053.49848  739.4507
5054.69839  744.2407
5055.8983  759.0077
5057.09821  785.3138
5058.29812  753.0449
5059.49803  744.7081
5060.69794  772.6361
5061.89785  822.5367
5063.09776  817.4873
5064.29767  780.9725
5065.49758  815.8218
5066.69749  779.338
5067.8974  807.9784
5069.09731  776.7224
5070.29722  786.5434
5071.49713  776.8316
5072.69704  809.163
5073.89695  861.2914
5075.09686  814.78
5076.29677  789.1277
5077.49668  781.773
5078.69659  788.7192
5079.8965  806.085
5081.09641  837.5366
5082.29632  840.8564
5083.49623  855.9066
5084.69614  823.5563
5085.89605  780.0596
5087.09596  785.4905
5088.29587  807.6058
5089.49578  800.3985
5090.69569  819.3817
5091.8956  834.3264
5093.09551  835.1448
5094.29542  870.4993
5095.49533  832.485
5096.69524  817.142
5097.89515  872.904
5099.09506  799.767
5100.29497  830.2165
5101.49488  873.7927
5102.69479  868.2019
5103.8947  851.7407
5105.09461  817.8671
5106.29452  847.1086
5107.49443  849.0396
5108.69434  826.3004
5109.89425  843.4025
5111.09416  830.1898
5112.29407  848.2505
5113.49398  886.2106
5114.69389  865.7082
5115.8938  831.2495
5117.09371  837.7797
5118.29362  860.1863
5119.49353  880.0663
5120.69344  884.8391
5121.89335  874.9072
5123.09326  906.86
5124.29317  885.2725
5125.49308  845.2505
5126.69299  861.2485
5127.8929  901.1243
5129.09281  923.2235
5130.29272  839.9589
5131.49263  792.8309
5132.69254  858.6604
5133.89245  868.7433
5135.09236  814.3443
5136.29227  814.2703
5137.49218  843.2999
5138.69209  851.168
5139.892  857.9086
5141.09191  894.173
5142.29182  865.4009
5143.49173  837.2951
5144.69164  851.6943
5145.89155  856.9891
5147.09146  854.1434
5148.29137  828.2892
5149.49128  846.0417
5150.69119  926.5609
5151.8911  945.37
5153.09101  890.1364
5154.29092  902.4636
5155.49083  853.6689
5156.69074  845.8916
5157.89065  884.9129
5159.09056  927.6188
5160.29047  932.1696
5161.49038  935.6168
5162.69029  931.6809
5163.8902  915.6669
5165.09011  931.7323
5166.29002  962.0427
5167.48993  933.4278
5168.68984  914.886
5169.88975  926.1158
5171.08966  978.0369
5172.28957  947.0579
5173.48948  943.3251
5174.68939  956.4827
5175.8893  958.0651
5177.08921  1020.797
5178.28912  1034.053
5179.48903  997.1767
5180.68894  1050.66
5181.88885  1053.812
5183.08876  1018.93
5184.28867  1042.897
5185.48858  1036.972
5186.68849  1021.069
5187.8884  987.2101
5189.08831  1066.722
5190.28822  1032.427
5191.48813  1042.194
5192.68804  1017.654
5193.88795  1025.38
5195.08786  1032.809
5196.28777  1005.331
5197.48768  1024.345
5198.68759  1054.553
5199.8875  992.5822
5201.08741  966.5345
5202.28732  1041.665
5203.48723  1070.294
5204.68714  1024.981
5205.88705  1054.861
5207.08696  1082.409
5208.28687  1008.999
5209.48678  1078.799
5210.68669  1120.348
5211.8866  1156.336
5213.08651  1123.298
5214.28642  1139.739
5215.48633  1094.763
5216.68624  1096.463
5217.88615  1219.079
5219.08606  1233.344
5220.28597  1235.142
5221.48588  1219.933
5222.68579  1206.093
5223.8857  1210.37
5225.08561  1236.913
5226.28552  1302.995
5227.48543  1268.763
5228.68534  1365.79
5229.88525  1340.849
5231.08516  1255.146
5232.28507  1316.535
5233.48498  1377.745
5234.68489  1307.375
5235.8848  1382.759
5237.08471  1365.91
5238.28462  1274.406
5239.48453  1334.776
5240.68444  1307.393
5241.88435  1254.493
5243.08426  1251.177
5244.28417  1217.331
5245.48408  1282.927
5246.68399  1179.318
5247.8839  1141.7
5249.08381  1076.221
5250.28372  1081.189
5251.48363  1132.794
5252.68354  1067.479
5253.88345  1104.387
5255.08336  1069.925
5256.28327  1100.342
5257.48318  1019.106
5258.68309  1080.401
5259.883  1074.409
5261.08291  1053.293
5262.28282  1034.318
5263.48273  965.0974
5264.68264  1035.503
5265.88255  994.0752
5267.08246  1029.935
5268.28237  913.91
5269.48228  1017.209
5270.68219  1060.849
5271.8821  1029.413
5273.08201  943.4803
5274.28192  1005.864
5275.48183  989.7537
5276.68174  937.3384
5277.88165  954.9033
5279.08156  987.7725
5280.28147  932.5546
5281.48138  924.5858
5282.68129  951.1512
5283.8812  1017.802
5285.08111  1010.295
5286.28102  913.1656
5287.48093  917.1998
5288.68084  928.6147
5289.88075  906.9672
5291.08066  857.7416
5292.28057  943.3317
5293.48048  914.7501
5294.68039  976.9651
5295.8803  943.949
5297.08021  901.4551
5298.28012  897.8654
5299.48003  884.6423
5300.67994  865.3378
5301.87985  857.4039
5303.07976  861.9781
5304.27967  889.6494
5305.47958  866.2819
5306.67949  882.4854
5307.8794  881.042
5309.07931  847.6087
5310.27922  866.5131
5311.47913  877.5449
5312.67904  873.6685
5313.87895  879.65
5315.07886  838.6832
5316.27877  834.3807
5317.47868  874.9977
5318.67859  849.8361
5319.8785  830.4659
5321.07841  866.8254
5322.27832  894.8186
5323.47823  884.3686
5324.67814  848.3063
5325.87805  849.6335
5327.07796  882.5388
5328.27787  844.3644
5329.47778  774.9463
5330.67769  804.2532
5331.8776  851.0621
5333.07751  807.563
5334.27742  789.434
5335.47733  790.1901
5336.67724  829.4152
5337.87715  860.754
5339.07706  799.9537
5340.27697  792.0797
5341.47688  797.3762
5342.67679  824.9487
5343.8767  861.8352
5345.07661  824.6049
5346.27652  813.0859
5347.47643  804.5436
5348.67634  768.7153
5349.87625  816.9127
5351.07616  795.6505
5352.27607  811.0132
5353.47598  815.9841
5354.67589  798.2964
5355.8758  816.4123
5357.07571  755.5328
5358.27562  793.8667
5359.47553  757.3934
5360.67544  771.1249
5361.87535  707.4602
5363.07526  787.1159
5364.27517  771.4259
5365.47508  780.6846
5366.67499  778.3998
5367.8749  780.2277
5369.07481  829.8771
5370.27472  771.2614
5371.47463  782.6655
5372.67454  751.7125
5373.87445  806.487
5375.07436  717.6042
5376.27427  779.88
5377.47418  826.9078
5378.67409  780.5106
5379.874  777.1655
5381.07391  762.6586
5382.27382  821.0022
5383.47373  705.1948
5384.67364  742.1091
5385.87355  731.645
5387.07346  769.278
5388.27337  843.6336
5389.47328  723.5276
5390.67319  735.2417
5391.8731  721.4095
5393.07301  744.8127
5394.27292  733.9192
5395.47283  813.5532
5396.67274  706.649
5397.87265  722.164
5399.07256  752.9691
5400.27247  738.4055
5401.47238  752.028
5402.67229  736.723
5403.8722  733.485
5405.07211  764.3942
5406.27202  703.9858
5407.47193  777.6668
5408.67184  723.4053
5409.87175  768.5883
5411.07166  761.8859
5412.27157  768.2839
5413.47148  751.6271
5414.67139  753.7324
5415.8713  756.8579
5417.07121  757.0323
5418.27112  728.9792
5419.47103  723.2826
5420.67094  748.7085
5421.87085  785.4064
5423.07076  782.7153
5424.27067  784.7007
5425.47058  753.7584
5426.67049  750.7555
5427.8704  744.3563
5429.07031  720.0346
5430.27022  705.2242
5431.47013  706.232
5432.67004  721.6326
5433.86995  740.8823
5435.06986  733.6494
5436.26977  726.1516
5437.46968  720.7198
5438.66959  699.1974
5439.8695  752.1572
5441.06941  804.4554
5442.26932  729.1934
5443.46923  721.0611
5444.66914  783.8136
5445.86905  776.373
5447.06896  819.8448
5448.26887  858.5152
5449.46878  797.3821
5450.66869  767.926
5451.8686  758.2773
5453.06851  823.5819
5454.26842  803.156
5455.46833  722.9523
5456.66824  686.8104
5457.86815  738.857
5459.06806  742.8163
5460.26797  716.3972
5461.46788  713.614
5462.66779  756.8192
5463.8677  774.1848
5465.06761  773.4133
5466.26752  734.9259
5467.46743  749.5881
5468.66734  707.9977
5469.86725  791.2057
5471.06716  730.8399
5472.26707  798.7634
5473.46698  691.7033
5474.66689  739.5627
5475.8668  731.053
5477.06671  827.5074
5478.26662  701.343
5479.46653  703.4432
5480.66644  743.5031
5481.86635  696.1484
5483.06626  726.2314
5484.26617  761.8704
5485.46608  743.8001
5486.66599  751.9686
5487.8659  721.4476
5489.06581  725.9969
5490.26572  799.7993
5491.46563  754.4043
5492.66554  761.1768
5493.86545  744.4478
5495.06536  785.8629
5496.26527  719.1981
5497.46518  719.2359
5498.66509  717.0009
5499.865  724.4664
5501.06491  701.4722
5502.26482  763.6711
5503.46473  719.3726
5504.66464  778.0941
5505.86455  748.9411
5507.06446  767.8561
5508.26437  723.0873
5509.46428  727.8387
5510.66419  705.5041
5511.8641  736.8426
5513.06401  788.4125
5514.26392  800.1861
5515.46383  772.3971
5516.66374  767.4401
5517.86365  807.1814
5519.06356  782.8123
5520.26347  769.851
5521.46338  754.3495
5522.66329  772.7085
5523.8632  772.1184
5525.06311  767.1805
5526.26302  793.5827
5527.46293  798.1543
5528.66284  798.275
5529.86275  761.2598
5531.06266  738.7778
5532.26257  812.3638
5533.46248  900.5233
5534.66239  939.894
5535.8623  958.5678
5537.06221  938.8439
5538.26212  884.8608
5539.46203  847.1169
5540.66194  768.6472
5541.86185  730.2156
5543.06176  737.7277
5544.26167  792.8137
5545.46158  822.678
5546.66149  811.3703
5547.8614  742.6619
5549.06131  746.8998
5550.26122  773.179
5551.46113  768.0948
5552.66104  762.2422
5553.86095  803.6246
5555.06086  784.5994
5556.26077  743.9333
5557.46068  713.2515
5558.66059  743.1951
5559.8605  772.5247
5561.06041  765.3926
5562.26032  793.6737
5563.46023  737.1481
5564.66014  829.4339
5565.86005  815.3522
5567.05996  735.1041
5568.25987  747.3527
5569.45978  836.9531
5570.65969  648.983
5571.8596  756.0283
5573.05951  799.6588
5574.25942  1243.033
5575.45933  914.034
5576.65924  580.5435
5577.85915  317.3036
5579.05906  1045.297
5580.25897  1051.67
5581.45888  1164.729
5582.65879  888.4647
5583.8587  777.1981
5585.05861  789.3542
5586.25852  777.0931
5587.45843  799.547
5588.65834  793.3649
5589.85825  826.358
5591.05816  821.807
5592.25807  748.078
5593.45798  691.5788
5594.65789  799.8904
5595.8578  765.5096
5597.05771  710.3572
5598.25762  754.063
5599.45753  769.0229
5600.65744  763.9955
5601.85735  759.9639
5603.05726  759.9662
5604.25717  760.9017
5605.45708  763.4023
5606.65699  752.4494
5607.8569  764.796
5609.05681  763.0635
5610.25672  780.4172
5611.45663  797.8708
5612.65654  777.5365
5613.85645  769.4322
5615.05636  685.1443
5616.25627  595.8093
5617.45618  565.7316
5618.65609  518.387
5619.856  505.2907
5621.05591  537.5056
5622.25582  616.6674
5623.45573  741.2106
5624.65564  812.8794
5625.85555  791.5527
5627.05546  766.1294
5628.25537  772.1072
5629.45528  782.1818
5630.65519  810.2465
5631.8551  785.0358
5633.05501  802.9725
5634.25492  786.5665
5635.45483  792.3318
5636.65474  803.7087
5637.85465  723.7058
5639.05456  763.4863
5640.25447  762.9529
5641.45438  824.9285
5642.65429  839.8743
5643.8542  774.9634
5645.05411  791.1127
5646.25402  759.7499
5647.45393  767.8034
5648.65384  744.8306
5649.85375  799.2405
5651.05366  782.3392
5652.25357  755.7402
5653.45348  851.1058
5654.65339  811.7408
5655.8533  776.75
5657.05321  847.9703
5658.25312  860.5748
5659.45303  799.5311
5660.65294  796.1776
5661.85285  832.6102
5663.05276  860.3402
5664.25267  848.9712
5665.45258  846.6968
5666.65249  825.5029
5667.8524  810.655
5669.05231  751.2807
5670.25222  800.8738
5671.45213  811.7496
5672.65204  757.3496
5673.85195  822.7095
5675.05186  844.8129
5676.25177  830.7936
5677.45168  796.7567
5678.65159  841.4213
5679.8515  890.8356
5681.05141  836.5209
5682.25132  794.6644
5683.45123  784.4102
5684.65114  822.4175
5685.85105  863.0454
5687.05096  784.4118
5688.25087  727.5475
5689.45078  752.6881
5690.65069  806.6965
5691.8506  854.233
5693.05051  805.3401
5694.25042  782.3304
5695.45033  806.364
5696.65024  805.2504
5697.85015  808.7631
5699.05006  850.483
5700.24997  812.2848
5701.44988  808.8253
5702.64979  775.7206
5703.8497  846.1548
5705.04961  808.7447
5706.24952  787.468
5707.44943  814.4352
5708.64934  822.0596
5709.84925  734.5301
5711.04916  777.5291
5712.24907  789.3749
5713.44898  837.4302
5714.64889  750.9613
5715.8488  795.2999
5717.04871  902.0087
5718.24862  826.2933
5719.44853  826.8184
5720.64844  825.6799
5721.84835  831.1398
5723.04826  791.3039
5724.24817  807.9665
5725.44808  780.4354
5726.64799  776.9576
5727.8479  792.2844
5729.04781  780.0591
5730.24772  822.5433
5731.44763  775.0223
5732.64754  750.4468
5733.84745  769.0339
5735.04736  822.9509
5736.24727  806.6568
5737.44718  841.1995
5738.64709  838.8669
5739.847  828.087
5741.04691  765.0369
5742.24682  805.477
5743.44673  788.4285
5744.64664  753.8714
5745.84655  789.9731
5747.04646  791.0427
5748.24637  740.1283
5749.44628  715.605
5750.64619  764.1611
5751.8461  812.7925
5753.04601  788.2098
5754.24592  736.1058
5755.44583  747.7228
5756.64574  780.8655
5757.84565  758.0765
5759.04556  789.8188
5760.24547  778.7645
5761.44538  792.1406
5762.64529  738.5856
5763.8452  729.0905
5765.04511  760.7391
5766.24502  773.023
5767.44493  776.542
5768.64484  780.8237
5769.84475  724.6079
5771.04466  791.7988
5772.24457  854.0606
5773.44448  805.1378
5774.64439  729.7324
5775.8443  723.0678
5777.04421  715.8174
5778.24412  719.3031
5779.44403  769.2366
5780.64394  784.2917
5781.84385  765.5478
5783.04376  699.6594
5784.24367  803.4003
5785.44358  754.4984
5786.64349  779.3026
5787.8434  778.84
5789.04331  771.5866
5790.24322  820.0249
5791.44313  791.8669
5792.64304  828.7094
5793.84295  718.2311
5795.04286  684.3142
5796.24277  700.0329
5797.44268  710.5849
5798.64259  720.0429
5799.8425  838.3107
5801.04241  823.0488
5802.24232  780.7067
5803.44223  765.22
5804.64214  729.5692
5805.84205  762.2768
5807.04196  799.8777
5808.24187  793.6857
5809.44178  759.6613
5810.64169  740.5038
5811.8416  762.7579
5813.04151  767.1917
5814.24142  750.0991
5815.44133  743.0582
5816.64124  733.9136
5817.84115  703.7567
5819.04106  716.5484
5820.24097  763.1785
5821.44088  717.8024
5822.64079  807.3524
5823.8407  809.8806
5825.04061  752.6823
5826.24052  745.3007
5827.44043  770.9237
5828.64034  767.9457
5829.84025  777.5035
5831.04016  814.3078
5832.24007  793.9418
5833.43998  732.2302
5834.63989  745.8454
5835.8398  704.5274
5837.03971  809.3596
5838.23962  772.5641
5839.43953  754.1166
5840.63944  759.6559
5841.83935  769.0012
5843.03926  743.3134
5844.23917  794.7283
5845.43908  838.7506
5846.63899  861.0861
5847.8389  794.7646
5849.03881  766.9939
5850.23872  841.5098
5851.43863  802.6742
5852.63854  753.0352
5853.83845  783.3696
5855.03836  845.5293
5856.23827  812.567
5857.43818  810.3798
5858.63809  770.3365
5859.838  767.5366
5861.03791  721.384
5862.23782  730.6326
5863.43773  764.9354
5864.63764  818.9687
5865.83755  796.5956
5867.03746  773.7822
5868.23737  816.176
5869.43728  824.6023
5870.63719  827.8174
5871.8371  778.4528
5873.03701  700.0242
5874.23692  712.0315
5875.43683  739.9361
5876.63674  723.7025
5877.83665  765.8784
5879.03656  824.8328
5880.23647  786.4775
5881.43638  717.3281
5882.63629  794.7529
5883.8362  775.1744
5885.03611  716.4584
5886.23602  796.7023
5887.43593  780.1156
5888.63584  783.7737
5889.83575  786.0111
5891.03566  856.3232
5892.23557  762.3616
5893.43548  806.7532
5894.63539  736.2159
5895.8353  663.78
5897.03521  858.9025
5898.23512  877.0957
5899.43503  742.3412
5900.63494  753.6071
5901.83485  779.6359
5903.03476  742.8376
5904.23467  670.5136
5905.43458  716.3686
5906.63449  757.6526
5907.8344  779.0063
5909.03431  735.5964
5910.23422  681.5677
5911.43413  702.6707
5912.63404  715.091
5913.83395  759.4762
5915.03386  747.2661
5916.23377  768.6384
5917.43368  807.3638
5918.63359  754.3954
5919.8335  671.3477
5921.03341  637.006
5922.23332  751.3787
5923.43323  841.5447
5924.63314  808.5574
5925.83305  807.6651
5927.03296  832.3301
5928.23287  742.8917
5929.43278  673.3965
5930.63269  677.3115
5931.8326  675.1693
5933.03251  716.6543
5934.23242  741.5126
5935.43233  730.8359
5936.63224  700.3903
5937.83215  674.0599
5939.03206  703.0803
5940.23197  733.6766
5941.43188  762.3264
5942.63179  776.9382
5943.8317  749.8243
5945.03161  686.5351
5946.23152  765.1482
5947.43143  730.3694
5948.63134  720.3079
5949.83125  710.0106
5951.03116  735.4413
5952.23107  739.3041
5953.43098  765.3956
5954.63089  773.5542
5955.8308  750.9038
5957.03071  826.9479
5958.23062  770.0861
5959.43053  751.9603
5960.63044  786.4071
5961.83035  796.8778
5963.03026  759.1133
5964.23017  754.1257
5965.43008  780.0361
5966.62999  785.1066
5967.8299  810.2833
5969.02981  767.2394
5970.22972  763.4459
5971.42963  754.1867
5972.62954  791.2796
5973.82945  736.2094
5975.02936  726.6252
5976.22927  738.7286
5977.42918  739.5152
5978.62909  746.1398
5979.829  752.8877
5981.02891  784.1265
5982.22882  789.6639
5983.42873  753.0381
5984.62864  727.3343
5985.82855  733.6556
5987.02846  727.1361
5988.22837  699.1061
5989.42828  693.5751
5990.62819  704.0831
5991.8281  711.7945
5993.02801  741.4255
5994.22792  731.4105
5995.42783  654.1703
5996.62774  691.3282
5997.82765  776.0809
5999.02756  758.1512
6000.22747  748.7277
6001.42738  830.8643
6002.62729  799.8138
6003.8272  742.8265
6005.02711  728.5273
6006.22702  723.0829
6007.42693  672.3006
6008.62684  700.5696
6009.82675  774.3608
6011.02666  735.3998
6012.22657  759.8057
6013.42648  723.2068
6014.62639  766.0669
6015.8263  785.0457
6017.02621  699.3936
6018.22612  754.2333
6019.42603  752.4039
6020.62594  688.0524
6021.82585  741.5579
6023.02576  772.3093
6024.22567  691.6953
6025.42558  680.4889
6026.62549  653.3385
6027.8254  701.8077
6029.02531  786.3823
6030.22522  785.6265
6031.42513  743.2028
6032.62504  749.592
6033.82495  753.6652
6035.02486  715.0045
6036.22477  702.973
6037.42468  702.5789
6038.62459  738.1986
6039.8245  743.8212
6041.02441  747.4697
6042.22432  769.6626
6043.42423  747.3972
6044.62414  732.8026
6045.82405  755.2938
6047.02396  706.9351
6048.22387  700.6312
6049.42378  689.8884
6050.62369  717.0555
6051.8236  688.1259
6053.02351  840.5918
6054.22342  755.4386
6055.42333  740.8643
6056.62324  760.2416
6057.82315  676.2072
6059.02306  789.5703
6060.22297  714.9062
6061.42288  695.4145
6062.62279  689.8121
6063.8227  752.8808
6065.02261  761.4092
6066.22252  738.1182
6067.42243  679.7491
6068.62234  716.8286
6069.82225  783.1872
6071.02216  760.8752
6072.22207  710.4094
6073.42198  695.2794
6074.62189  720.9995
6075.8218  739.7347
6077.02171  744.9108
6078.22162  767.7589
6079.42153  791.1777
6080.62144  811.9323
6081.82135  789.7672
6083.02126  733.5624
6084.22117  734.9585
6085.42108  727.3895
6086.62099  727.9415
6087.8209  781.0919
6089.02081  768.8116
6090.22072  745.1057
6091.42063  731.1221
6092.62054  776.0534
6093.82045  768.9736
6095.02036  750.6403
6096.22027  719.4114
6097.42018  793.1031
6098.62009  749.3057
6099.82  811.1786
6101.01991  728.1143
6102.21982  772.2953
6103.41973  715.5557
6104.61964  795.8868
6105.81955  742.2749
6107.01946  773.9136
6108.21937  834.908
6109.41928  713.7167
6110.61919  668.3927
6111.8191  716.9145
6113.01901  735.1442
6114.21892  754.6325
6115.41883  768.8765
6116.61874  704.6104
6117.81865  748.0797
6119.01856  725.1943
6120.21847  749.9963
6121.41838  715.2547
6122.61829  721.9003
6123.8182  756.5261
6125.01811  787.599
6126.21802  759.1473
6127.41793  704.5647
6128.61784  714.619
6129.81775  715.6348
6131.01766  721.7209
6132.21757  773.2285
6133.41748  725.017
6134.61739  658.9871
6135.8173  700.4224
6137.01721  730.3182
6138.21712  749.6657
6139.41703  794.003
6140.61694  786.1813
6141.81685  731.9636
6143.01676  748.2483
6144.21667  766.9476
6145.41658  726.9805
6146.61649  695.7045
6147.8164  737.5182
6149.01631  787.2251
6150.21622  792.8169
6151.41613  632.267
6152.61604  755.5562
6153.81595  748.8519
6155.01586  692.8552
6156.21577  773.9191
6157.41568  727.4674
6158.61559  817.4321
6159.8155  813.4735
6161.01541  741.7635
6162.21532  748.4262
6163.41523  805.4538
6164.61514  799.4917
6165.81505  790.3442
6167.01496  736.3097
6168.21487  723.9121
6169.41478  748.9355
6170.61469  741.8773
6171.8146  728.726
6173.01451  751.0979
6174.21442  718.2768
6175.41433  714.7513
6176.61424  720.7653
6177.81415  737.5593
6179.01406  720.1193
6180.21397  697.4023
6181.41388  736.3333
6182.61379  739.9338
6183.8137  742.5532
6185.01361  784.9658
6186.21352  790.6404
6187.41343  749.662
6188.61334  768.2626
6189.81325  749.1351
6191.01316  765.3906
6192.21307  764.4001
6193.41298  763.6945
6194.61289  729.1968
6195.8128  745.1807
6197.01271  725.5406
6198.21262  695.2582
6199.41253  770.1005
6200.61244  634.6597
6201.81235  754.4565
6203.01226  771.2151
6204.21217  788.0673
6205.41208  740.7386
6206.61199  761.5646
6207.8119  766.0681
6209.01181  756.6437
6210.21172  672.9892
6211.41163  672.1965
6212.61154  748.1786
6213.81145  756.6935
6215.01136  729.059
6216.21127  734.1731
6217.41118  763.6996
6218.61109  806.5061
6219.811  793.3762
6221.01091  764.0773
6222.21082  733.6628
6223.41073  749.3815
6224.61064  758.5784
6225.81055  740.4683
6227.01046  768.0799
6228.21037  789.8742
6229.41028  777.8258
6230.61019  773.7602
6231.8101  759.838
6233.01001  773.6019
6234.20992  817.6676
6235.40983  724.2291
6236.60974  766.6856
6237.80965  741.5534
6239.00956  733.8626
6240.20947  736.9858
6241.40938  700.3041
6242.60929  756.5798
6243.8092  817.5598
6245.00911  688.4713
6246.20902  768.2149
6247.40893  690.2541
6248.60884  742.0164
6249.80875  781.2294
6251.00866  822.0905
6252.20857  708.2126
6253.40848  729.0935
6254.60839  800.0137
6255.8083  816.0715
6257.00821  781.3024
6258.20812  779.4526
6259.40803  838.4881
6260.60794  811.188
6261.80785  780.658
6263.00776  762.321
6264.20767  724.2751
6265.40758  758.3739
6266.60749  776.5759
6267.8074  749.4512
6269.00731  709.7075
6270.20722  721.9963
6271.40713  758.871
6272.60704  760.3303
6273.80695  752.4323
6275.00686  744.8797
6276.20677  720.7672
6277.40668  710.7701
6278.60659  745.7409
6279.8065  742.2693
6281.00641  688.6036
6282.20632  697.9162
6283.40623  695.8977
6284.60614  759.2079
6285.80605  742.8736
6287.00596  737.2021
6288.20587  827.6584
6289.40578  816.3072
6290.60569  776.0442
6291.8056  720.6094
6293.00551  716.2556
6294.20542  765.7357
6295.40533  801.4163
6296.60524  739.525
6297.80515  810.4957
6299.00506  727.131
6300.20497  902.2494
6301.40488  770.5985
6302.60479  777.6133
6303.8047  774.8936
6305.00461  741.0591
6306.20452  760.0977
6307.40443  718.0475
6308.60434  738.886
6309.80425  771.2597
6311.00416  782.9582
6312.20407  813.0118
6313.40398  835.9323
6314.60389  793.7263
6315.8038  804.4272
6317.00371  819.0444
6318.20362  818.9229
6319.40353  798.1927
6320.60344  737.9125
6321.80335  753.5168
6323.00326  760.9046
6324.20317  810.9473
6325.40308  853.4346
6326.60299  810.8145
6327.8029  834.3564
6329.00281  770.7582
6330.20272  712.585
6331.40263  723.1393
6332.60254  780.0102
6333.80245  715.2814
6335.00236  798.9644
6336.20227  769.2054
6337.40218  826.704
6338.60209  804.497
6339.802  760.7278
6341.00191  772.3249
6342.20182  727.9725
6343.40173  774.6924
6344.60164  795.8596
6345.80155  797.0693
6347.00146  775.6782
6348.20137  766.5186
6349.40128  790.4466
6350.60119  770.9943
6351.8011  829.8729
6353.00101  822.3981
6354.20092  791.9339
6355.40083  792.5759
6356.60074  771.3795
6357.80065  802.7939
6359.00056  813.3942
6360.20047  776.1638
6361.40038  769.9961
6362.60029  791.9015
6363.8002  783.3221
6365.00011  772.453
6366.20002  765.181
6367.39993  787.2899
6368.59984  809.2037
6369.79975  805.6097
6370.99966  831.5529
6372.19957  839.3812
6373.39948  784.0912
6374.59939  731.0552
6375.7993  728.9225
6376.99921  791.4866
6378.19912  857.3507
6379.39903  788.1439
6380.59894  791.226
6381.79885  818.26
6382.99876  742.2683
6384.19867  723.2651
6385.39858  788.6295
6386.59849  826.6988
6387.7984  795.2949
6388.99831  861.4446
6390.19822  859.5134
6391.39813  808.8004
6392.59804  787.04
6393.79795  828.851
6394.99786  813.2656
6396.19777  802.6158
6397.39768  803.437
6398.59759  792.4402
6399.7975  810.2448
6400.99741  820.7418
6402.19732  785.1144
6403.39723  776.8329
6404.59714  770.8285
6405.79705  772.0184
6406.99696  771.2406
6408.19687  754.5346
6409.39678  790.9671
6410.59669  808.1224
6411.7966  797.3678
6412.99651  795.1169
6414.19642  778.7262
6415.39633  770.2999
6416.59624  764.6637
6417.79615  750.7111
6418.99606  818.1777
6420.19597  822.6241
6421.39588  789.7333
6422.59579  796.6369
6423.7957  734.2715
6424.99561  772.1263
6426.19552  738.4492
6427.39543  764.2487
6428.59534  747.6805
6429.79525  753.3715
6430.99516  793.7426
6432.19507  768.2264
6433.39498  770.7821
6434.59489  788.3779
6435.7948  778.1338
6436.99471  796.4377
6438.19462  789.86
6439.39453  769.3635
6440.59444  803.3367
6441.79435  777.8484
6442.99426  780.1119
6444.19417  785.9987
6445.39408  774.2656
6446.59399  762.8492
6447.7939  744.3922
6448.99381  729.876
6450.19372  752.3198
6451.39363  781.343
6452.59354  759.43
6453.79345  757.9102
6454.99336  764.9686
6456.19327  760.9139
6457.39318  794.1017
6458.59309  805.6255
6459.793  819.7587
6460.99291  737.2455
6462.19282  780.0823
6463.39273  782.7322
6464.59264  749.2244
6465.79255  889.2833
6466.99246  816.2635
6468.19237  692.8925
6469.39228  732.4062
6470.59219  802.284
6471.7921  738.8356
6472.99201  707.3207
6474.19192  792.2883
6475.39183  766.7635
6476.59174  694.1
6477.79165  711.2183
6478.99156  744.9348
6480.19147  786.2275
6481.39138  762.8635
6482.59129  757.2329
6483.7912  768.5102
6484.99111  781.9592
6486.19102  802.3226
6487.39093  823.5851
6488.59084  793.4305
6489.79075  742.4002
6490.99066  738.2393
6492.19057  750.6987
6493.39048  751.6711
6494.59039  745.1442
6495.7903  732.319
6496.99021  778.2134
6498.19012  772.1036
6499.39003  702.4283
6500.58994  763.647
6501.78985  788.7012
6502.98976  799.3101
6504.18967  727.3315
6505.38958  753.3622
6506.58949  696.5226
6507.7894  767.9301
6508.98931  720.5518
6510.18922  784.9349
6511.38913  821.8416
6512.58904  803.9493
6513.78895  757.1638
6514.98886  706.9925
6516.18877  788.2917
6517.38868  803.6016
6518.58859  754.7368
6519.7885  770.7358
6520.98841  720.5823
6522.18832  758.1022
6523.38823  764.7069
6524.58814  722.6257
6525.78805  731.6322
6526.98796  738.0036
6528.18787  790.2827
6529.38778  771.4811
6530.58769  751.4521
6531.7876  721.7109
6532.98751  674.5358
6534.18742  718.55
6535.38733  778.627
6536.58724  810.5805
6537.78715  767.8977
6538.98706  736.0123
6540.18697  734.1818
6541.38688  789.1694
6542.58679  791.9025
6543.7867  798.3848
6544.98661  766.7792
6546.18652  739.3585
6547.38643  687.1747
6548.58634  753.1389
6549.78625  750.6646
6550.98616  756.0531
6552.18607  775.9053
6553.38598  726.8715
6554.58589  668.7561
6555.7858  719.4009
6556.98571  713.7205
6558.18562  672.3453
6559.38553  705.1798
6560.58544  709.2004
6561.78535  748.7379
6562.98526  748.0265
6564.18517  750.3619
6565.38508  752.0391
6566.58499  702.4008
6567.7849  672.1921
6568.98481  742.9463
6570.18472  780.2254
6571.38463  732.9176
6572.58454  707.6624
6573.78445  719.731
6574.98436  719.9788
6576.18427  702.5583
6577.38418  711.3804
6578.58409  749.2986
6579.784  803.9245
6580.98391  816.6115
6582.18382  745.1392
6583.38373  805.2166
6584.58364  812.3088
6585.78355  827.1091
6586.98346  724.0193
6588.18337  784.0585
6589.38328  696.8649
6590.58319  776.6012
6591.7831  730.9084
6592.98301  764.44
6594.18292  737.1734
6595.38283  680.4965
6596.58274  689.7388
6597.78265  722.8041
6598.98256  758.1427
6600.18247  733.1075
6601.38238  745.8068
6602.58229  694.1342
6603.7822  712.0312
6604.98211  754.2872
6606.18202  780.9289
6607.38193000001  783.5933
6608.58184  756.8525
6609.78175  744.4
6610.98166  739.0009
6612.18157  744.3049
6613.38148  705.3038
6614.58139  720.1555
6615.7813  769.306
6616.98121  748.2999
6618.18112  720.3261
6619.38103  701.9637
6620.58094  703.3735
6621.78085  721.0759
6622.98076  778.4003
6624.18067  760.4514
6625.38058  770.5364
6626.58049  710.2999
6627.7804  751.4153
6628.98031  742.791
6630.18022  759.8422
6631.38013  767.3572
6632.58004  768.4414
6633.77995  759.1163
6634.97986  748.4921
6636.17977  746.5231
6637.37968  767.396
6638.57959  765.0849
6639.7795  783.5947
6640.97941  751.6913
6642.17932  778.9406
6643.37923  758.8626
6644.57914  755.8795
6645.77905  780.0645
6646.97896  798.9443
6648.17887  829.2841
6649.37878  818.9738
6650.57869  802.6965
6651.7786  884.306
6652.97851  864.7354
6654.17842  793.508
6655.37833  821.9398
6656.57824  869.7302
6657.77815  844.5675
6658.97806  831.3323
6660.17797  839.4109
6661.37788  806.0444
6662.57779  820.989
6663.7777  803.962
6664.97761  732.9476
6666.17752  761.6314
6667.37743  801.0303
6668.57734  764.7392
6669.77725  764.5099
6670.97716000001  818.7529
6672.17707  730.7619
6673.37698  734.0496
6674.57689  766.1177
6675.7768  845.3351
6676.97671  729.2178
6678.17662  778.6348
6679.37653  811.1085
6680.57644  786.4374
6681.77635  806.2972
6682.97626  754.3195
6684.17617  773.8625
6685.37608  826.3097
6686.57599  787.7241
6687.7759  782.91
6688.97581  795.7435
6690.17572  767.1448
6691.37563  771.9683
6692.57554  724.0165
6693.77545  761.8914
6694.97536  819.0224
6696.17527  798.3477
6697.37518  760.5947
6698.57509  760.0615
6699.775  776.576
6700.97491  774.2618
6702.17482  795.467
6703.37473  799.0768
6704.57464  793.0107
6705.77455  760.4462
6706.97446  757.3423
6708.17437  822.3931
6709.37428  760.6959
6710.57419  751.8073
6711.7741  741.9321
6712.97401  748.7007
6714.17392  747.0012
6715.37383  679.9548
6716.57374  789.2115
6717.77365  776.3884
6718.97356  736.1782
6720.17347  721.0123
6721.37338  772.321
6722.57329  767.7988
6723.7732  773.1562
6724.97311  726.6811
6726.17302  718.046
6727.37293  756.205
6728.57284  771.2087
6729.77275  779.269
6730.97266  772.4877
6732.17257  771.1688
6733.37248  767.8457
6734.57239  791.8043
6735.7723  802.9174
6736.97221  796.6616
6738.17212  800.3571
6739.37203  771.3957
6740.57194  737.5089
6741.77185  736.5967
6742.97176  740.6693
6744.17167  769.1117
6745.37158  782.4702
6746.57149  748.0666
6747.7714  764.581
6748.97131  841.4759
6750.17122  759.2167
6751.37113000001  789.9411
6752.57104  773.194
6753.77095  803.0036
6754.97086  738.8196
6756.17077  751.7891
6757.37068  792.9649
6758.57059  767.9772
6759.7705  761.1841
6760.97041  771.9486
6762.17032  721.9189
6763.37023  741.0341
6764.57014  724.9512
6765.77005  694.2856
6766.96996  767.407
6768.16987  802.1823
6769.36978  786.4991
6770.56969  793.9626
6771.7696  789.9348
6772.96951  767.7965
6774.16942  778.9238
6775.36933  754.282
6776.56924  742.4864
6777.76915  792.3082
6778.96906  777.499
6780.16897  742.5287
6781.36888  764.0208
6782.56879  754.1724
6783.7687  778.3804
6784.96861  841.0966
6786.16852  827.9802
6787.36843  783.1748
6788.56834  830.4011
6789.76825  768.3691
6790.96816  753.7711
6792.16807  740.7007
6793.36798  828.7441
6794.56789  852.969
6795.7678  870.3972
6796.96771  824.6835
6798.16762  939.0748
6799.36753  763.9746
6800.56744  799.7723
6801.76735  774.3517
6802.96726  749.979
6804.16717  826.2639
6805.36708  789.0102
6806.56699  708.2881
6807.7669  765.7723
6808.96681  817.2348
6810.16672  759.1052
6811.36663  695.538
6812.56654  715.3976
6813.76645  757.6106
6814.96636  779.0369
6816.16627  785.1663
6817.36618  799.662
6818.56609  786.0743
6819.766  773.0977
6820.96591  792.2838
6822.16582  781.8624
6823.36573  779.0117
6824.56564  780.7816
6825.76555  842.9735
6826.96546  821.6897
6828.16537  774.9274
6829.36528  721.9695
6830.56519  703.2737
6831.7651  819.363
6832.96501  792.3115
6834.16492  791.2609
6835.36483  713.1886
6836.56474  752.8458
6837.76465  706.133
6838.96456  764.7029
6840.16447  762.7961
6841.36438  804.9923
6842.56429  775.3913
6843.7642  738.4591
6844.96411  743.9026
6846.16402  747.4396
6847.36393  773.861
6848.56384  740.3678
6849.76375  777.3445
6850.96366  773.66
6852.16357  733.9763
6853.36348  702.2792
6854.56339  707.2804
6855.7633  720.3577
6856.96321  704.9406
6858.16312  732.9493
6859.36303  784.0136
6860.56294  761.6464
6861.76285  690.0906
6862.96276  696.1733
6864.16267  748.9631
6865.36258  708.0057
6866.56249  765.4573
6867.7624  774.3134
6868.96231  731.1907
6870.16222  770.5529
6871.36213  737.3474
6872.56204  743.3672
6873.76195  722.1058
6874.96186  799.4297
6876.16177  733.5983
6877.36168  751.4382
6878.56159  718.4726
6879.7615  758.6351
6880.96141  737.5361
6882.16132  766.6239
6883.36123  754.9784
6884.56114  773.1012
6885.76105  744.3142
6886.96096  776.7297
6888.16087  806.8224
6889.36078  825.8531
6890.56069  832.7261
6891.7606  787.7987
6892.96051  755.5089
6894.16042  766.0652
6895.36033  769.3702
6896.56024  737.4381
6897.76015  751.8441
6898.96006  786.9178
6900.15997  732.8461
6901.35988  679.9731
6902.55979  683.1761
6903.7597  688.1257
6904.95961  687.6825
6906.15952  697.3593
6907.35943  717.5023
6908.55934  689.3605
6909.75925  678.7963
6910.95916  755.0381
6912.15907  724.8296
6913.35898  723.5242
6914.55889  688.5838
6915.7588  696.9606
6916.95871  734.1774
6918.15862  715.7769
6919.35853  633.6139
6920.55844  652.08
6921.75835  674.4245
6922.95826  672.0284
6924.15817  671.2687
6925.35808  686.7038
6926.55799  614.3302
6927.7579  652.5158
6928.95781  694.7994
6930.15772  684.0067
6931.35763  688.3365
6932.55754  734.1627
6933.75745  734.926
6934.95736  713.044
6936.15727  721.5793
6937.35718  727.1561
6938.55709  699.6359
6939.757  707.2408
6940.95691  703.5343
6942.15682  696.6388
6943.35673  715.6389
6944.55664  639.1137
6945.75655  646.3768
6946.95646  670.5934
6948.15637  661.1781
6949.35628  706.1188
6950.55619  712.9091
6951.7561  770.2687
6952.95601  674.7467
6954.15592  710.8867
6955.35583  645.1298
6956.55574  734.6028
6957.75565  610.9259
6958.95556  651.9805
6960.15547  661.4522
6961.35538  699.7318
6962.55529  700.0414
6963.7552  719.0859
6964.95511  689.0608
6966.15502  740.6295
6967.35493  712.6368
6968.55484000001  675.387
6969.75475  683.1035
6970.95466  653.413
6972.15457  665.5804
6973.35448  722.3095
6974.55439  752.6998
6975.7543  736.4045
6976.95421  700.658
6978.15412  693.8231
6979.35403  715.5428
6980.55394  698.4839
6981.75385  665.7909
6982.95376  674.9097
6984.15367  687.8308
6985.35358  721.3087
6986.55349  776.5984
6987.7534  722.2812
6988.95331  621.5703
6990.15322  720.5081
6991.35313  659.905
6992.55304000001  652.919
6993.75295  658.165
6994.95286  659.0577
6996.15277  660.8549
6997.35268  711.8206
6998.55259  674.373
6999.7525  634.6588
7000.95241  601.6913
7002.15232  648.1672
7003.35223  632.1929
7004.55214  681.1516
7005.75205  697.5576
7006.95196  725.6111
7008.15187  673.1127
7009.35178  659.3141
7010.55169  647.0262
7011.7516  634.4484
7012.95151  691.0001
7014.15142  699.2352
7015.35133  657.0123
7016.55124  647.7745
7017.75115  650.2971
7018.95106  671.885
7020.15097  689.8023
7021.35088  656.3945
7022.55079  627.8005
7023.7507  601.371
7024.95061  608.484
7026.15052  637.6277
7027.35043  607.8242
7028.55034  679.3797
7029.75025  745.9043
7030.95016  707.366
7032.15007  663.332
7033.34998  705.7095
7034.54989  666.1295
7035.7498  728.4709
7036.94971  637.944
7038.14962  614.2925
7039.34953  668.4728
7040.54944  571.619
7041.74935  624.9726
7042.94926  666.2393
7044.14917  678.3506
7045.34908  681.7407
7046.54899  725.7889
7047.7489  672.3965
7048.94881  590.4542
7050.14872  622.6556
7051.34863  636.2499
7052.54854  674.6784
7053.74845  658.9066
7054.94836  647.1202
7056.14827  658.8184
7057.34818  636.6719
7058.54809  649.9622
7059.748  701.4503
7060.94791  701.9603
7062.14782  662.2951
7063.34773  671.2409
7064.54764  692.5036
7065.74755  643.4571
7066.94746  622.6924
7068.14737  631.4145
7069.34728  657.0963
7070.54719  598.9336
7071.7471  631.71
7072.94701000001  713.2965
7074.14692  585.9255
7075.34683  707.8134
7076.54674  651.6058
7077.74665  677.4635
7078.94656  627.7382
7080.14647  657.4293
7081.34638  652.4854
7082.54629  656.5034
7083.7462  653.8509
7084.94611  707.1964
7086.14602  620.5653
7087.34593  577.3087
7088.54584  601.2752
7089.74575  629.9054
7090.94566  609.1968
7092.14557  635.6254
7093.34548  658.5207
7094.54539  652.8046
7095.7453  666.7806
7096.94521  659.6124
7098.14512  656.4387
7099.34503  659.8605
7100.54494  642.1848
7101.74485  649.4323
7102.94476  651.1407
7104.14467  652.8216
7105.34458  664.6302
7106.54449  682.0293
7107.74440000001  683.0297
7108.94431  650.7913
7110.14422  607.7803
7111.34413  614.2931
7112.54404  641.6513
7113.74395  625.4743
7114.94386  653.08
7116.14377  642.127
7117.34368  709.9926
7118.54359  686.0975
7119.7435  604.5239
7120.94341000001  643.2556
7122.14332  679.1789
7123.34323  648.5352
7124.54314  664.895
7125.74305  617.3188
7126.94296  638.5636
7128.14287  685.8949
7129.34278  580.7898
7130.54269  583.4594
7131.7426  624.0425
7132.94251  639.8862
7134.14242  632.2365
7135.34233  644.218
7136.54224  618.6825
7137.74215  633.754
7138.94206  688.5706
7140.14197  672.709
7141.34188  650.3829
7142.54179  639.9485
7143.7417  634.8402
7144.94161  624.0046
7146.14152  675.3254
7147.34143  705.2853
7148.54134  666.3907
7149.74125  612.0983
7150.94116  616.7566
7152.14107  570.2921
7153.34098  572.2239
7154.54089  616.1689
7155.7408  610.2726
7156.94071  585.0577
7158.14062  606.56
7159.34053  647.5701
7160.54044  607.3941
7161.74035  641.8938
7162.94026  643.5907
7164.14017  648.9526
7165.34008  657.6718
7166.53999  653.6171
7167.7399  641.959
7168.93981  600.4806
7170.13972  578.5889
7171.33963  570.9288
7172.53954000001  587.8447
7173.73945  579.9462
7174.93936  571.7297
7176.13927  577.0989
7177.33918  565.2232
7178.53909  538.4466
7179.739  536.3182
7180.93891  557.7474
7182.13882  560.511
7183.33873  539.3522
7184.53864  523.6619
7185.73855  521.3889
7186.93846  537.9172
7188.13837000001  534.619
7189.33828  538.5693
7190.53819  539.5895
7191.7381  535.4026
7192.93801  580.7111
7194.13792  583.3196
7195.33783  542.3741
7196.53774  585.9144
7197.73765  512.7903
7198.93756  605.3915
7200.13747  564.7229
7201.33738  615.0499
7202.53729  515.951
7203.7372  561.2645
7204.93711  575.4182
7206.13702  579.6944
7207.33693  616.4649
7208.53684  586.1809
7209.73675  576.6525
7210.93666  593.9962
7212.13657  613.2101
7213.33648  625.3926
7214.53639  618.3895
7215.7363  599.957
7216.93621  567.5797
7218.13612  603.9693
7219.33603  624.1519
7220.53594  593.3223
7221.73585  611.8996
7222.93576  614.6423
7224.13567  600.2639
7225.33558  567.8375
7226.53549  579.8529
7227.7354  582.9221
7228.93531  569.1257
7230.13522  572.2256
7231.33513  530.8567
7232.53504  560.9641
7233.73495  546.9794
7234.93486  537.1426
7236.13477000001  525.6484
7237.33468  692.8851
7238.53459  605.4131
7239.7345  475.4328
7240.93441  569.2037
7242.13432  671.6015
7243.33423  568.8687
7244.53414  496.288
7245.73405  557.8442
7246.93396  623.5441
7248.13387  580.3583
7249.33378  592.2411
7250.53369  578.8735
7251.7336  531.53
7252.93351  525.6032
7254.13342  561.1612
7255.33333  545.0342
7256.53324  550.2684
7257.73315  550.3087
7258.93306  555.2697
7260.13297  589.545
7261.33288  594.2329
7262.53279  568.1083
7263.7327  537.0491
7264.93261  528.9014
7266.13252  551.8237
7267.33243  522.6328
7268.53234000001  545.02
7269.73225  501.2404
7270.93216  554.9924
7272.13207  536.0344
7273.33198  499.586
7274.53189  645.2368
7275.7318  591.1436
7276.93171  470.1222
7278.13162  519.8726
7279.33153  567.2285
7280.53144  436.7161
7281.73135  540.5697
7282.93126  442.4567
7284.13117  492.2899
7285.33108  479.4612
7286.53099  465.7238
7287.73090000001  437.4505
7288.93081  545.8079
7290.13072  490.4234
7291.33063  394.5866
7292.53054  471.6137
7293.73045  488.2422
7294.93036  492.6451
7296.13027  549.7603
7297.33018  569.674
7298.53009  554.8015
7299.73  547.084
7300.92991  534.8481
7302.12982  505.7897
7303.32973  516.6624
7304.52964  549.3473
7305.72955  549.7104
7306.92946  553.0516
7308.12937  510.6721
7309.32928  527.571
7310.52919  530.7879
7311.7291  537.3447
7312.92901  618.538
7314.12892  529.8322
7315.32883  585.5142
7316.52874000001  607.4437
7317.72865  617.1852
7318.92856  578.4081
7320.12847  504.0974
7321.32838  494.9469
7322.52829  446.7285
7323.7282  471.4059
7324.92811  517.61
7326.12802  496.8339
7327.32793000001  547.597
7328.52784  587.8797
7329.72775  534.597
7330.92766  552.1842
7332.12757  585.7457
7333.32748  500.7478
7334.52739  493.7805
7335.7273  510.0805
7336.92721  539.0323
7338.12712  555.7145
7339.32703  509.0325
7340.52694  527.0024
7341.72685  551.8572
7342.92676  541.3829
7344.12667  543.1015
7345.32658  536.272
7346.52649  533.2264
7347.7264  535.0402
7348.92631000001  512.3036
7350.12622  543.0031
7351.32613  551.9653
7352.52604  570.0352
7353.72595  544.5153
7354.92586  504.6784
7356.12577  519.7666
7357.32568  527.9968
7358.52559  539.3192
7359.7255  534.715
7360.92541  529.1594
7362.12532  540.3567
7363.32523  542.5256
7364.52514  527.0941
7365.72505  484.1785
7366.92496  478.9989
7368.12487000001  576.8961
7369.32478  454.5354
7370.52469  507.2549
7371.7246  542.5328
7372.92451  525.5122
7374.12442  507.0641
7375.32433  505.5396
7376.52424  539.2349
7377.72415  536.7959
7378.92406  522.4807
7380.12397  486.6036
7381.32388  463.2443
7382.52379  488.697
7383.7237  519.9333
7384.92361  532.7552
7386.12352  511.3861
7387.32343  475.9796
7388.52334  501.2396
7389.72325  573.2429
7390.92316  535.1512
7392.12307  462.4733
7393.32298  499.1754
7394.52289  598.1835
7395.7228  575.3458
7396.92271  519.9938
7398.12262  502.6761
7399.32253  484.5035
7400.52244  531.1464
7401.72235  491.2058
7402.92226  586.4805
7404.12217  548.5012
7405.32208  498.7357
7406.52199  480.8896
7407.7219  502.3289
7408.92181  509.2113
7410.12172  491.4978
7411.32163  496.5891
7412.52154  515.324
7413.72145  572.8973
7414.92136  542.2931
7416.12127  472.7552
7417.32118  538.9914
7418.52109  540.8077
7419.721  541.465
7420.92091  549.5644
7422.12082  521.7922
7423.32073  511.0461
7424.52064  535.6165
7425.72055  566.7522
7426.92046  564.3517
7428.12037  518.7499
7429.32028000001  530.9036
7430.52019  566.6071
7431.7201  556.9907
7432.92001  586.5702
7434.11992  553.1525
7435.31983  527.9321
7436.51974  531.0635
7437.71965  554.5516
7438.91956  605.1157
7440.11947  565.7802
7441.31938  513.4516
7442.51929  505.4295
7443.7192  524.3656
7444.91911  523.6574
7446.11902  553.9728
7447.31893  511.2408
7448.51884  504.4513
7449.71875  518.7802
7450.91866  520.8445
7452.11857  541.4481
7453.31848  546.6895
7454.51839  537.6606
7455.7183  540.6663
7456.91821  562.6102
7458.11812  556.9985
7459.31803  583.1155
7460.51794  519.5806
7461.71785  483.0093
7462.91776  543.1519
7464.11767  590.955
7465.31758  579.0245
7466.51749  524.1915
7467.7174  523.2766
7468.91731  573.5568
7470.11722  548.8594
7471.31713  513.8857
7472.51704  537.177
7473.71695  568.5343
7474.91686  571.4028
7476.11677  523.4312
7477.31668  498.9108
7478.51659  507.4022
7479.7165  517.4277
7480.91641  529.8059
7482.11632  599.0071
7483.31623  554.2297
7484.51614  504.3814
7485.71605  569.2837
7486.91596  560.5662
7488.11587  548.1262
7489.31578  556.8342
7490.51569  504.9447
7491.7156  571.4372
7492.91551  648.0793
7494.11542000001  535.8886
7495.31533  504.3754
7496.51524  559.9149
7497.71515  541.7042
7498.91506  583.3175
7500.11497  544.0523
7501.31488  527.8636
7502.51479  553.6473
7503.7147  545.4683
7504.91461  557.7878
7506.11452  569.4493
7507.31443  567.5823
7508.51434  578.5759
7509.71425000001  590.011
7510.91416  555.8469
7512.11407  539.0108
7513.31398  568.0759
7514.51389  565.8365
7515.7138  549.4268
7516.91371  545.971
7518.11362  526.8654
7519.31353  517.9137
7520.51344  493.3202
7521.71335  547.3011
7522.91326  572.6876
7524.11317  558.8332
7525.31308  569.0897
7526.51299  553.2993
7527.7129  559.6613
7528.91281  505.4994
7530.11272  526.2318
7531.31263  494.0862
7532.51254  592.52
7533.71245000001  532.6898
7534.91236  524.6562
7536.11227  526.3174
7537.31218  497.9533
7538.51209  515.4105
7539.712  513.9846
7540.91191  513.7861
7542.11182  490.5902
7543.31173  501.9874
7544.51164  553.7045
7545.71155  592.328
7546.91146  571.3149
7548.11137  593.3689
7549.31128  585.0251
7550.51119  545.2274
7551.7111  550.8284
7552.91101  572.4797
7554.11092  561.6757
7555.31083  506.9604
7556.51074  517.6078
7557.71065000001  591.413
7558.91056  577.6579
7560.11047  534.423
7561.31038  500.5191
7562.51029  512.2561
7563.7102  520.2625
7564.91011  550.0492
7566.11002  555.4773
7567.30993  514.0128
7568.50984  554.9261
7569.70975  507.9074
7570.90966  520.7886
7572.10957  548.4415
7573.30948  513.6982
7574.50939  485.761
7575.7093  521.4126
7576.90921  570.5746
7578.10912  597.7711
7579.30903  551.5769
7580.50894  595.6384
7581.70885  550.1361
7582.90876  582.7737
7584.10867  557.8054
7585.30858  588.9437
7586.50849  672.8994
7587.7084  662.8262
7588.90831  640.8334
7590.10822000001  626.4172
7591.30813  654.1161
7592.50804  631.1346
7593.70795  631.3694
7594.90786  640.719
7596.10777  608.632
7597.30768  606.2779
7598.50759  623.7632
7599.7075  631.8839
7600.90741  614.9237
7602.10732  556.388
7603.30723  575.0422
7604.50714  638.8762
7605.70705  701.8935
7606.90696  722.4827
7608.10687  708.3755
7609.30678000001  652.0621
7610.50669  640.5051
7611.7066  621.5297
7612.90651  594.6151
7614.10642  579.0198
7615.30633  611.2587
7616.50624  629.5101
7617.70615  599.0145
7618.90606  598.9545
7620.10597  642.2244
7621.30588  573.0956
7622.50579  606.007
7623.7057  544.5536
7624.90561  581.2993
7626.10552  545.9128
7627.30543  608.9771
7628.50534  564.2933
7629.70525  646.1404
7630.90516  638.913
7632.10507  687.0535
7633.30498  644.3372
7634.50489000001  673.7166
7635.7048  694.4056
7636.90471  756.7968
7638.10462000001  724.4542
7639.30453  719.6681
7640.50444  702.2681
7641.70435  688.2952
7642.90426  681.0922
7644.10417  685.7565
7645.30408  734.5573
7646.50399  758.9065
7647.7039  738.7489
7648.90381000001  739.4448
7650.10372  751.2004
7651.30363  722.8297
7652.50354  750.2733
7653.70345  718.5533
7654.90336  695.8618
7656.10327  711.8145
7657.30318  767.4908
7658.50309  761.0155
7659.703  847.67
7660.90291  850.5883
7662.10282  767.014
7663.30273  841.388
7664.50264  814.2527
7665.70255  768.5735
7666.90246  809.5671
7668.10237  873.3087
7669.30228  783.2531
7670.50219000001  872.1966
7671.7021  827.1161
7672.90201000001  825.3759
7674.10192  905.7659
7675.30183  865.1375
7676.50174  864.0046
7677.70165  906.5143
7678.90156  892.5321
7680.10147  898.5432
7681.30138  887.9263
7682.50129  876.7175
7683.7012  864.6387
7684.90111  844.5776
7686.10102000001  852.2709
7687.30093  831.6903
7688.50084  775.0148
7689.70075000001  776.588
7690.90066  824.4749
7692.10057  833.794
7693.30048  814.5188
7694.50039  814.1377
7695.7003  823.6544
7696.90021  796.6492
7698.10012  759.491
7699.30003  777.7307
7700.49994  775.3852
7701.69985  803.3163
7702.89976  773.7385
7704.09967  715.9657
7705.29958  736.0563
7706.49949  766.5948
7707.6994  679.1516
7708.89931  734.5718
7710.09922  816.9354
7711.29913  740.9514
7712.49904  650.8588
7713.69895  738.1682
7714.89886  759.0509
7716.09877  780.9839
7717.29868  628.5452
7718.49859000001  713.3581
7719.6985  646.1654
7720.89841  606.0845
7722.09832  595.9299
7723.29823  658.4522
7724.49814  586.8735
7725.69805  595.4223
7726.89796  568.6096
7728.09787  589.6424
7729.29778000001  605.6255
7730.49769  600.0957
7731.6976  602.2468
7732.89751  592.7136
7734.09742  585.0662
7735.29733  598.0515
7736.49724  621.9224
7737.69715000001  605.1496
7738.89706  566.6068
7740.09697  549.1038
7741.29688  567.6691
7742.49679  577.5533
7743.6967  528.4182
7744.89661  557.3742
7746.09652  596.5999
7747.29643  605.7724
7748.49634  563.2476
7749.69625  688.646
7750.89616000001  546.0606
7752.09607  601.5719
7753.29598000001  612.8245
7754.49589  513.748
7755.6958  561.8821
7756.89571  565.5392
7758.09562  622.3713
7759.29553  591.7784
7760.49544  455.3737
7761.69535  535.4165
7762.89526  557.4054
7764.09517  532.3773
7765.29508  542.424
7766.49499  554.572
7767.6949  565.9022
7768.89481  552.814
7770.09472000001  533.1851
7771.29463  535.6727
7772.49454  511.5235
7773.69445  460.7484
7774.89436  482.0125
7776.09427  495.3657
7777.29418  513.7647
7778.49409  504.075
7779.694  466.8669
7780.89391  461.9734
7782.09382  500.407
7783.29373  491.2056
7784.49364  493.233
7785.69355  519.975
7786.89346  522.6593
7788.09337  519.344
7789.29328000001  513.5217
7790.49319  504.8048
7791.6931  416.8008
7792.89301  457.3625
7794.09292  520.1542
7795.29283  457.3649
7796.49274  435.325
7797.69265  482.208
7798.89256  437.3888
7800.09247  414.6509
7801.29238000001  425.7885
7802.49229  405.3309
7803.6922  464.9843
7804.89211  488.0405
7806.09202  533.9945
7807.29193  461.3847
7808.49184  390.6531
7809.69175  537.513
7810.89166000001  534.413
7812.09157  493.2274
7813.29148  497.6232
7814.49139  480.2921
7815.6913  452.1896
7816.89121  432.0629
7818.09112  414.9407
7819.29103  445.7925
7820.49094  450.8927
7821.69085  464.0236
7822.89076  401.8922
7824.09067  387.3242
7825.29058  395.132
7826.49049  404.7234
7827.6904  411.3133
7828.89031  437.8652
7830.09022  437.3235
7831.29013  461.9861
7832.49004  449.6979
7833.68995000001  410.1723
7834.88986  397.2072
7836.08977  377.0146
7837.28968  390.4209
7838.48959  425.8787
7839.6895  429.7766
7840.88941  426.8327
7842.08932  396.783
7843.28923  400.1107
7844.48914  428.302
7845.68905  387.8351
7846.88896  399.322
7848.08887  413.7345
7849.28878  514.6108
7850.48869  429.7058
7851.6886  512.36
7852.88851000001  280.0046
7854.08842  360.135
7855.28833000001  438.9107
7856.48824  518.0895
7857.68815  440.0804
7858.88806  500.9853
7860.08797  373.7724
7861.28788  413.9342
7862.48779  475.7099
7863.6877  404.8952
7864.88761  402.818
7866.08752  444.9958
7867.28743  451.1489
7868.48734  422.5217
7869.68725  403.4456
7870.88716  479.8394
7872.08707  531.1586
7873.28698  469.4695
7874.48689  443.3691
7875.6868  421.89
7876.88671  426.6385
7878.08662  396.5498
7879.28653000001  406.3735
7880.48644  473.9164
7881.68635000001  471.702
7882.88626  471.4606
7884.08617  453.3933
7885.28608  448.3841
7886.48599  467.2109
7887.6859  429.732
7888.88581  381.4655
7890.08572  374.6673
7891.28563000001  424.7908
7892.48554000001  408.6707
7893.68545  340.7422
7894.88536  305.8679
7896.08527  343.5611
7897.28518  382.7256
7898.48509  301.4816
7899.685  310.2434
7900.88491  324.122
7902.08482  323.8747
7903.28473  303.7336
7904.48464  319.8192
7905.68455  330.2144
7906.88446  329.2345
7908.08437  356.1117
7909.28428  303.4703
7910.48419  349.6373
7911.6841  163.7494
7912.88401  333.6571
7914.08392000001  130.4199
7915.28383  337.8142
7916.48374  285.0714
7917.68365  332.4915
7918.88356  332.962
7920.08347  302.8047
7921.28338  300.5379
7922.48329  365.2879
7923.6832  386.5901
7924.88311  354.2058
7926.08302  395.3754
7927.28293  371.3145
7928.48284  319.6953
7929.68275  314.9052
7930.88266000001  318.9492
7932.08257  326.843
7933.28248000001  437.1317
7934.48239  422.3484
7935.6823  341.4589
7936.88221  337.1819
7938.08212  366.3037
7939.28203  367.2589
7940.48194  382.9857
7941.68185  392.7495
7942.88176  333.9712
7944.08167  341.9078
7945.28158  413.8822
7946.48149  413.904
7947.6814  431.0227
7948.88131  431.3798
7950.08122  374.0877
7951.28113  436.7593
7952.48104  357.4134
7953.68095  337.631
7954.88086  363.2897
7956.08077  271.9108
7957.28068  320.2176
7958.48059  319.4988
7959.6805  280.9293
7960.88041  185.638
7962.08032  219.3056
7963.28023  261.5322
7964.48014  228.4913
7965.68005  240.355
7966.87996  231.0742
7968.07987  291.0993
7969.27978  312.7748
7970.47969000001  299.6166
7971.67960000001  311.0836
7972.87951  330.3337
7974.07942  336.0338
7975.27933  312.5846
7976.47924  298.4287
7977.67915  246.5568
7978.87906  257.3544
7980.07897  314.4514
7981.27888  316.0182
7982.47879  363.6766
7983.6787  317.5054
7984.87861  349.416
7986.07852  359.663
7987.27843  320.3024
7988.47834  348.7445
7989.67825  381.1613
7990.87816  335.6953
7992.07807  312.3557
7993.27798  329.5959
7994.47789000001  353.8618
7995.67780000001  358.1411
7996.87771  372.3734
7998.07762  327.2502
7999.27753  299.2591
8000.47744  318.0306
8001.67735  328.9853
8002.87726  283.9225
8004.07717  283.5746
8005.27708  305.2306
8006.47699  272.3227
8007.6769  285.8519
8008.87681  241.7386
8010.07672000001  316.6217
8011.27663000001  304.816
8012.47654  340.9257
8013.67645  268.6383
8014.87636  347.9393
8016.07627  430.7943
8017.27618  335.9359
8018.47609  336.966
8019.67600000001  303.0198
8020.87591000001  303.642
8022.07582  398.4305
8023.27573  326.5755
8024.47564  430.5357
8025.67555  281.567
8026.87546  214.4725
8028.07537  339.5959
8029.27528  325.8067
8030.47519  333.5744
8031.6751  370.787
8032.87501  306.9756
8034.07492  285.8445
8035.27483  296.8424
8036.47474  267.8137
8037.67465  264.6494
8038.87456  294.3894
8040.07447  309.2709
8041.27438  314.7174
8042.47429000001  318.1193
8043.6742  291.5934
8044.87411  303.2698
8046.07402  335.1802
8047.27393  342.4977
8048.47384  365.7399
8049.67375  386.8536
8050.87366  346.229
8052.07357  299.0741
8053.27348000001  298.6984
8054.47339  358.1889
8055.6733  367.2768
8056.87321  312.0935
8058.07312  309.8298
8059.27303  308.5266
8060.47294  329.6371
8061.67285000001  315.4022
8062.87276  303.9109
8064.07267  276.5105
8065.27258  308.6971
8066.47249  291.1675
8067.6724  276.1517
8068.87231  264.0138
8070.07222  336.1568
8071.27213000001  260.3417
8072.47204000001  347.6081
8073.67195  282.5854
8074.87186000001  334.3828
8076.07177  316.0398
8077.27168  310.5957
8078.47159  306.5667
8079.6715  372.5693
8080.87141  366.923
8082.07132  364.1449
8083.27123  332.0833
8084.47114  345.4083
8085.67105  340.6069
8086.87096  341.1031
8088.07087000001  310.7623
8089.27078  326.218
8090.47069  369.1862
8091.6706  366.7066
8092.87051  348.9297
8094.07042000001  349.9265
8095.27033  317.5736
8096.47024  319.431
8097.67015  293.3434
8098.87006000001  302.7562
8100.06997  315.2978
8101.26988  297.0954
8102.46979  273.6721
8103.6697  251.0145
8104.86961  307.6555
8106.06952  328.3503
8107.26943  303.7244
8108.46934  282.5566
8109.66925000001  278.0547
8110.86916  286.5914
8112.06907  283.7114
8113.26898000001  285.6442
8114.46889  261.4109
8115.66880000001  283.8786
8116.86871  277.5695
8118.06862  278.9189
8119.26853  291.9315
8120.46844  281.3129
8121.66835  323.5242
8122.86826000001  294.4097
8124.06817000001  306.3884
8125.26808  343.9189
8126.46799  332.8866
8127.6679  335.1464
8128.86781000001  319.0262
8130.06772  315.7813
8131.26763000001  293.574
8132.46754  320.8008
8133.66745  282.4164
8134.86736  273.6271
8136.06727  276.322
8137.26718  296.4908
8138.46709  373.3153
8139.66700000001  342.172
8140.86691  296.2481
8142.06682  304.9804
8143.26673  306.9617
8144.46664  276.2351
8145.66655  273.6147
8146.86646  257.6765
8148.06637  202.5467
8149.26628  267.0551
8150.46619000001  273.8974
8151.6661  243.8271
8152.86601  259.5937
8154.06592  252.9755
8155.26583000001  247.0271
8156.46574  233.3202
8157.66565  247.8225
8158.86556  248.3641
8160.06547  249.6313
8161.26538  254.4418
8162.46529  246.6122
8163.6652  245.8682
8164.86511  230.39
8166.06502  247.9364
8167.26493  259.25
8168.46484  274.4455
8169.66475  283.4203
8170.86466  257.2502
8172.06457000001  268.5925
8173.26448  293.4051
8174.46439000001  269.7722
8175.66430000001  246.5827
8176.86421  262.6633
8178.06412  253.9934
8179.26403  260.1748
8180.46394  255.1499
8181.66385  242.4376
8182.86376  234.9629
8184.06367  288.287
8185.26358  268.2065
8186.46349  198.3259
8187.6634  240.7659
8188.86331  257.1543
8190.06322000001  260.9747
8191.26313000001  279.274
8192.46304  323.8492
8193.66295  266.0297
8194.86286  254.7895
8196.06277  261.5568
8197.26268  248.3862
8198.46259  262.9186
8199.66250000001  278.4569
8200.86241  284.769
8202.06232000001  227.6397
8203.26223  268.7427
8204.46214  310.4972
8205.66205  234.4242
8206.86196  296.8115
8208.06187  252.5153
8209.26178  326.4207
8210.46169  293.0656
8211.6616  316.0358
8212.86151000001  276.4566
8214.06142  279.5123
8215.26133  303.4301
8216.46124000001  294.3562
8217.66115  212.7523
8218.86106  244.8097
8220.06097  249.5335
8221.26088  241.9913
8222.46079  219.839
8223.6607  223.6839
8224.86061  236.4012
8226.06052000001  244.9707
8227.26043000001  214.2514
8228.46034  226.2825
8229.66025  232.4724
8230.86016  236.4115
8232.06007  272.9198
8233.25998000001  277.8761
8234.45989  236.3069
8235.6598  242.1044
8236.85971  271.7541
8238.05962000001  276.1619
8239.25953  287.5956
8240.45944  297.476
8241.65935  287.6171
8242.85926  274.4731
8244.05917  273.3659
8245.25908  275.0481
8246.45899  301.9904
8247.6589  312.3274
8248.85881000001  300.8098
8250.05872  294.2572
8251.25863000001  288.9312
8252.45854  247.9272
8253.65845000001  230.9614
8254.85836  287.4561
8256.05827  266.4975
8257.25818  245.6477
8258.45809  319.1882
8259.658  307.3063
8260.85791  281.978
8262.05782  280.0625
8263.25773  255.7833
8264.45764  211.9778
8265.65755  249.3375
8266.85746  230.9458
8268.05737000001  267.9197
8269.25728  259.3237
8270.45719000001  275.2635
8271.6571  214.5957
8272.85701  235.8539
8274.05692000001  242.0765
8275.25683  247.3857
8276.45674  247.7967
8277.65665000001  276.6571
8278.85656000001  262.4619
8280.05647  124.9015
8281.25638000001  200.3046
8282.45629  193.4277
8283.6562  288.2854
8284.85611  266.2783
8286.05602  206.2636
8287.25593  198.2907
8288.45584  167.8052
8289.65575000001  100.0608
8290.85566  182.2982
8292.05557000001  202.3491
8293.25548  221.1579
8294.45539000001  272.045
8295.6553  213.895
8296.85521  261.5073
8298.05512  325.6111
8299.25503  186.9657
8300.45494  254.3861
8301.65485  353.7224
8302.85476000001  297.868
8304.05467  267.5254
8305.25458000001  264.1276
8306.45449  264.9952
8307.6544  233.8519
8308.85431000001  208.1645
8310.05422  196.4382
8311.25413  206.0933
8312.45404  231.1333
8313.65395  231.9255
8314.85386  233.3146
8316.05377000001  243.7314
8317.25368  268.5293
8318.45359000001  235.6103
8319.65350000001  189.2273
8320.85341  192.9411
8322.05332000001  218.1456
8323.25323  215.3356
8324.45314  181.4134
8325.65305  196.1297
8326.85296  201.293
8328.05287000001  178.1548
8329.25278000001  205.9736
8330.45269000001  219.4036
8331.6526  215.9571
8332.85251000001  217.5949
8334.05242  205.0181
8335.25233  212.3032
8336.45224  231.4119
8337.65215  133.0735
8338.85206  134.9156
8340.05197  126.2191
8341.25188  122.6054
8342.45179  268.384
8343.6517  233.0622
8344.85161  157.4707
8346.05152000001  315.7246
8347.25143  164.2954
8348.45134  185.7311
8349.65125  210.7789
8350.85116000001  188.8422
8352.05107  199.3308
8353.25098  204.3295
8354.45089000001  175.3201
8355.6508  178.265
8356.85071000001  155.0636
8358.05062  166.0146
8359.25053  241.5739
8360.45044000001  280.5439
8361.65035  256.6255
8362.85026000001  230.0459
8364.05017  271.0834
8365.25008  230.4247
8366.44999  234.4956
8367.6499  203.5884
8368.84981  211.737
8370.04972000001  239.7523
8371.24963000001  233.0976
8372.44954  233.3386
8373.64945000001  250.7979
8374.84936  247.5633
8376.04927  237.5185
8377.24918  225.7943
8378.44909  220.4661
8379.64900000001  205.5273
8380.84891000001  181.9641
8382.04882  207.6834
8383.24873  239.1139
8384.44864  204.0404
8385.64855  190.9059
8386.84846000001  210.0136
8388.04837  215.0019
8389.24828  234.7817
8390.44819  209.6261
8391.6481  200.0995
8392.84801  218.4475
8394.04792000001  185.28
8395.24783  124.7963
8396.44774  70.02596
8397.64765000001  129.5771
8398.84756  225.3548
8400.04747  298.7733
8401.24738  314.7754
8402.44729  254.9705
8403.6472  233.1358
8404.84711  273.0337
8406.04702  286.8527
8407.24693  257.9021
8408.44684  273.034
8409.64675  297.9265
8410.84666  285.1974
8412.04657000001  330.4529
8413.24648  346.1318
8414.44639000001  250.205
8415.6463  278.0592
8416.84621  277.3181
8418.04612000001  315.7166
8419.24603  267.5291
8420.44594  239.2074
8421.64585000001  217.2891
8422.84576000001  268.3998
8424.04567  258.9958
8425.24558  284.9222
8426.44549  328.9077
8427.6454  312.6038
8428.84531  329.937
8430.04522  246.7353
8431.24513000001  248.8099
8432.44504000001  255.9664
8433.64495000001  348.0856
8434.84486000001  173.2376
8436.04477  148.8834
8437.24468  183.2521
8438.44459000001  141.5179
8439.6445  149.836
8440.84441  203.1818
8442.04432  224.1589
8443.24423  366.2495
8444.44414  320.8509
8445.64405  446.8367
8446.84396000001  533.22
8448.04387  610.0156
8449.24378  689.0194
8450.44369  773.2075
8451.6436  702.6132
8452.84351  821.4195
8454.04342  1411.945
8455.24333  1537.948
8456.44324000001  1316.761
8457.64315000001  1483.811
8458.84306000001  1855.101
8460.04297  1618.601
8461.24288  1328.275
8462.44279  764.2207
8463.64270000001  729.8859
8464.84261  568.4548
8466.04252000001  226.5359
8467.24243  248.138
8468.44234  304.39
8469.64225  225.4163
8470.84216  184.9771
8472.04207  168.469
8473.24198000001  202.6353
8474.44189000001  215.9179
8475.6418  196.3405
8476.84171000001  186.2897
8478.04162  204.688
8479.24153  210.6171
8480.44144  225.2218
8481.64135  230.3359
8482.84126000001  210.098
8484.04117  189.4971
8485.24108  191.3864
8486.44099  207.9532
8487.6409  207.9508
8488.84081  178.5536
8490.04072000001  161.4139
8491.24063  171.3383
8492.44054  132.6881
8493.64045  50.77752
8494.84036  71.90319
8496.04027  185.5173
8497.24018  182.3443
8498.44009000001  174.995
8499.64  153.7635
8500.83991000001  116.3161
8502.03982  120.852
8503.23973  133.0101
8504.43964  145.7684
8505.63955  180.1057
8506.83946000001  158.7116
8508.03937  179.1175
8509.23928000001  180.787
8510.43919  190.3127
8511.63910000001  195.8739
8512.83901  157.5463
8514.03892  184.164
8515.23883000001  203.7408
8516.43874  227.1909
8517.63865000001  230.476
8518.83856  200.7697
8520.03847  247.339
8521.23838  238.8639
8522.43829  234.3479
8523.6382  202.9522
8524.83811000001  230.0156
8526.03802  223.2538
8527.23793  214.3356
8528.43784  228.1031
8529.63775  264.9222
8530.83766000001  237.2313
8532.03757  200.0796
8533.23748  157.3888
8534.43739000001  228.874
8535.63730000001  206.2628
8536.83721  219.721
8538.03712  215.4
8539.23703  211.6375
8540.43694  199.2271
8541.63685000001  223.5934
8542.83676  164.8809
8544.03667  257.3337
8545.23658  223.5742
8546.43649  244.1773
8547.6364  227.0918
8548.83631  185.914
8550.03622000001  190.402
8551.23613  210.167
8552.43604000001  209.9584
8553.63595  230.5358
8554.83586000001  213.5643
8556.03577000001  223.9899
8557.23568  196.3798
8558.43559000001  206.5523
8559.63550000001  216.4573
8560.83541  205.1643
8562.03532  191.4041
8563.23523  228.2203
8564.43514  196.3067
8565.63505000001  229.6311
8566.83496  238.8773
8568.03487  247.0239
8569.23478  223.8625
8570.43469  202.6875
8571.6346  249.6932
8572.83451  240.2114
8574.03442  225.7657
8575.23433000001  251.1975
8576.43424000001  263.787
8577.63415  262.3334
8578.83406000001  266.4035
8580.03397  250.4356
8581.23388  255.4514
8582.43379000001  264.2593
8583.6337  224.9424
8584.83361  217.8752
8586.03352000001  215.5943
8587.23343  225.5402
8588.43334  191.4681
8589.63325  201.9489
8590.83316  238.0193
8592.03307  251.9528
8593.23298000001  248.1622
8594.43289  246.1443
8595.6328  229.0864
8596.83271  239.5163
8598.03262  233.8136
8599.23253000001  258.1731
8600.43244  233.1937
8601.63235  227.7369
8602.83226000001  221.5267
8604.03217  236.5768
8605.23208  269.6992
8606.43199  258.2428
8607.63190000001  229.1658
8608.83181  190.9716
8610.03172  223.1524
8611.23163000001  254.7975
8612.43154  220.0221
8613.63145000001  209.7908
8614.83136  205.0266
8616.03127  222.9046
8617.23118000001  214.0728
8618.43109000001  192.9641
8619.63100000001  201.8292
8620.83091  243.5106
8622.03082  280.7798
8623.23073  289.5274
8624.43064  236.6486
8625.63055  240.1857
8626.83046000001  247.9093
8628.03037  301.8358
8629.23028000001  272.0786
8630.43019  177.8307
8631.6301  174.2237
8632.83001  188.2476
8634.02992000001  195.2659
8635.22983  197.448
8636.42974  183.7083
8637.62965000001  165.2318
8638.82956  191.6585
8640.02947  200.0192
8641.22938  147.2845
8642.42929  196.6145
8643.62920000001  204.1191
8644.82911  202.2804
8646.02902  229.5652
8647.22893  198.4303
8648.42884  265.4109
8649.62875  205.6722
8650.82866000001  223.2635
8652.02857  188.1232
8653.22848000001  226.1145
8654.42839000001  286.5666
8655.6283  154.2079
8656.82821  143.804
8658.02812  228.0296
8659.22803000001  220.0766
8660.42794  132.901
8661.62785000001  215.6306
8662.82776  252.337
8664.02767  219.347
8665.22758  98.69879
8666.42749  147.3019
8667.6274  135.2527
8668.82731  135.6726
8670.02722000001  169.6951
8671.22713  150.2614
8672.42704000001  242.3385
8673.62695  225.3341
8674.82686000001  116.1169
8676.02677  193.9691
8677.22668  124.8217
8678.42659000001  180.4054
8679.6265  125.9353
8680.82641  151.9863
8682.02632  225.6282
8683.22623  186.4529
8684.42614  195.1659
8685.62605000001  160.7913
8686.82596  187.2112
8688.02587000001  177.0049
8689.22578000001  113.4277
8690.42569  128.8806
8691.62560000001  163.2855
8692.82551  208.999
8694.02542  148.2745
8695.22533000001  142.3799
8696.42524000001  141.5331
8697.62515  171.5129
8698.82506  201.5662
8700.02497  192.3363
8701.22488  157.7098
8702.42479000001  210.6286
8703.6247  197.9788
8704.82461  130.3348
8706.02452  191.8911
8707.22443  167.1378
8708.42434  138.2605
8709.62425  200.0516
8710.82416000001  205.9561
8712.02407  189.726
8713.22398000001  182.654
8714.42389  228.691
8715.62380000001  212.7691
8716.82371  198.2003
8718.02362  240.9842
8719.22353  211.084
8720.42344000001  226.6705
8721.62335  244.2828
8722.82326  213.4497
8724.02317  219.4483
8725.22308  238.3906
8726.42299000001  207.0943
8727.6229  253.7399
8728.82281  271.3869
8730.02272000001  212.8841
8731.22263000001  245.1483
8732.42254  219.4675
8733.62245  218.0947
8734.82236  208.3594
8736.02227  228.5096
8737.22218000001  240.6546
8738.42209  223.0448
8739.62200000001  243.6322
8740.82191000001  229.5566
8742.02182  224.2044
8743.22173000001  189.1978
8744.42164  225.9132
8745.62155  216.0469
8746.82146  184.7285
8748.02137  189.5677
8749.22128  190.5376
8750.42119  196.4222
8751.6211  181.4336
8752.82101  179.5181
8754.02092000001  195.6702
8755.22083000001  206.7944
8756.42074  118.5206
8757.62065  150.3824
8758.82056  162.4464
8760.02047  157.6747
8761.22038  234.1323
8762.42029  149.4206
8763.62020000001  279.5784
8764.82011000001  187.3372
8766.02002  117.2868
8767.21993000001  58.62884
8768.41984  116.0112
8769.61975  208.3401
8770.81966  248.6149
8772.01957000001  226.1206
8773.21948  312.0983
8774.41939000001  246.4377
8775.6193  55.85851
8776.81921  -11.97468
8778.01912000001  -56.09099
8779.21903  -72.25533
8780.41894  132.1865
8781.61885000001  195.2212
8782.81876  208.2686
8784.01867000001  276.8391
8785.21858  269.4188
8786.41849  244.494
8787.61840000001  274.4467
8788.81831  299.9252
8790.01822  236.8731
8791.21813000001  171.0391
8792.41804000001  195.163
8793.61795  232.3932
8794.81786000001  228.963
8796.01777  207.7875
8797.21768  218.1621
8798.41759000001  201.1998
8799.6175  166.8743
8800.81741  170.364
8802.01732  167.5362
8803.21723  166.9721
8804.41714  166.03
8805.61705  160.5575
8806.81696  147.5009
8808.01687000001  134.1521
8809.21678  145.2207
8810.41669  137.2949
8811.6166  166.8891
8812.81651  188.0636
8814.01642000001  161.8266
8815.21633000001  130.5224
8816.41624000001  125.0722
8817.61615  131.1079
8818.81606000001  126.3199
8820.01597  141.0741
8821.21588  160.1667
8822.41579  191.5817
8823.6157  222.1865
8824.81561  155.6014
8826.01552  116.6181
8827.21543  117.2682
8828.41534  179.6727
8829.61525  290.4884
8830.81516  269.2511
8832.01507  134.749
8833.21498000001  91.78572
8834.41489  154.1844
8835.61480000001  171.2768
8836.81471  140.5005
8838.01462  113.4105
8839.21453000001  231.8822
8840.41444  246.036
8841.61435  206.4807
8842.81426000001  192.0559
8844.01417000001  194.4787
8845.21408  229.0172
8846.41399000001  218.0147
8847.6139  185.0914
8848.81381000001  211.82
8850.01372  215.3535
8851.21363  200.4554
8852.41354  248.9953
8853.61345  214.1181
8854.81336000001  168.7546
8856.01327000001  185.429
8857.21318000001  212.466
8858.41309  198.8016
8859.61300000001  187.801
8860.81291  178.2358
8862.01282  172.2219
8863.21273  151.6307
8864.41264  149.5791
8865.61255  220.3281
8866.81246  178.7764
8868.01237000001  160.5455
8869.21228  249.6383
8870.41219000001  248.7764
8871.6121  159.5184
8872.81201  167.7155
8874.01192000001  193.7425
8875.21183  200.6104
8876.41174000001  162.1327
8877.61165  117.7687
8878.81156  195.7206
8880.01147  267.696
8881.21138000001  256.5696
8882.41129  262.3192
8883.61120000001  190.2771
8884.81111000001  152.1347
8886.01102  125.8109
8887.21093000001  109.7099
8888.41084  253.1273
8889.61075  195.5737
8890.81066  144.0058
8892.01057000001  107.766
8893.21048000001  114.7022
8894.41039000001  134.0741
8895.61030000001  134.4956
8896.81021  147.2015
8898.01012000001  204.7397
8899.21003  263.4561
8900.40994000001  187.0414
8901.60985  99.26775
8902.80976  117.2736
8904.00967  100.5699
8905.20958  108.9164
8906.40949  197.4414
8907.6094  177.7356
8908.80931  132.7608
8910.00922  151.4936
8911.20913000001  176.3603
8912.40904  158.7072
8913.60895  108.4452
8914.80886  105.1795
8916.00877000001  189.2962
8917.20868  153.559
8918.40859  51.32598
8919.60850000001  28.61738
8920.80841  111.8909
8922.00832000001  179.9303
8923.20823  207.1162
8924.40814000001  141.64
8925.60805000001  115.272
8926.80796  93.80463
8928.00787000001  102.644
8929.20778  128.8785
8930.40769  119.2114
8931.6076  97.8046
8932.80751000001  114.5014
8934.00742  121.6716
8935.20733000001  107.6159
8936.40724000001  136.3941
8937.60715  163.5844
8938.80706000001  174.5696
8940.00697  166.7709
8941.20688  142.8134
8942.40679  120.0798
8943.6067  31.82748
8944.80661000001  69.42937
8946.00652000001  86.82207
8947.20643  106.9694
8948.40634000001  151.5132
8949.60625  162.1624
8950.80616  133.9438
8952.00607000001  119.6004
8953.20598  178.0013
8954.40589  254.315
8955.6058  170.9894
8956.80571  116.5873
8958.00562  30.45601
8959.20553000001  -87.29809
8960.40544  88.53352
8961.60535  171.311
8962.80526000001  119.3643
8964.00517  84.26974
8965.20508  99.23966
8966.40499  144.9892
8967.6049  114.0676
8968.80481  44.49815
8970.00472  69.39035
8971.20463000001  59.53421
8972.40454000001  64.0768
8973.60445000001  127.4886
8974.80436  141.0809
8976.00427000001  73.45971
8977.20418000001  121.3542
8978.40409  123.6952
8979.60400000001  126.9458
8980.80391  127.4677
8982.00382  116.7441
8983.20373000001  147.2275
8984.40364  150.9458
8985.60355  132.2705
8986.80346000001  66.43416
8988.00337000001  61.82529
8989.20328  113.308
8990.40319  149.5539
8991.6031  149.3806
8992.80301  138.0797
8994.00292000001  107.5184
8995.20283  102.2706
8996.40274000001  91.83253
8997.60265000001  93.93209
8998.80256000001  129.7323
9000.00247000001  47.81392
9001.20238  73.89401
9002.40229  167.3857
9003.60220000001  151.1208
9004.80211  128.0099
9006.00202  149.43
9007.20193  150.3333
9008.40184  117.1907
9009.60175000001  107.6414
9010.80166  63.41268
9012.00157000001  118.4627
9013.20148  129.0638
9014.40139000001  125.6322
9015.6013  87.63013
9016.80121000001  130.2501
9018.00112  103.5913
9019.20103  81.24236
9020.40094000001  95.05356
9021.60085  80.81493
9022.80076000001  84.31091
9024.00067000001  146.6805
9025.20058  106.3677
9026.40049  118.1783
9027.6004  94.24978
9028.80031000001  163.0874
9030.00022  105.1487
9031.20013000001  89.57876
9032.40004  101.2568
9033.59995  97.96857
9034.79986000001  168.5979
9035.99977  114.6811
9037.19968  88.1043
9038.39959000001  122.4597
9039.59950000001  79.70496
9040.79941000001  74.73267
9041.99932000001  70.79116
9043.19923  130.0702
9044.39914000001  107.968
9045.59905  167.9656
9046.79896  94.28642
9047.99887000001  105.3528
9049.19878  212.1482
9050.39869000001  152.4613
9051.5986  158.2645
9052.79851000001  131.6229
9053.99842  111.2778
9055.19833000001  66.6891
9056.39824  128.7868
9057.59815  152.9551
9058.79806  142.4777
9059.99797  104.1115
9061.19788  167.0711
9062.39779  128.9512
9063.59770000001  138.2086
9064.79761000001  87.64404
9065.99752000001  172.6445
9067.19743  218.2761
9068.39734  162.6921
9069.59725  131.5543
9070.79716  183.9912
9071.99707000001  132.7761
9073.19698000001  137.1278
9074.39689000001  90.00437
9075.59680000001  144.3865
9076.79671000001  220.0505
9077.99662  144.6645
9079.19653  164.9335
9080.39644000001  90.54205
9081.59635  112.1839
9082.79626000001  152.2052
9083.99617  161.589
9085.19608  117.341
9086.39599  149.8529
9087.5959  136.9416
9088.79581  190.0397
9089.99572000001  147.0682
9091.19563000001  73.08867
9092.39554  145.3596
9093.59545000001  150.9114
9094.79536  220.6908
9095.99527000001  105.3856
9097.19518  119.1238
9098.39509  199.224
9099.59500000001  122.5179
9100.79491000001  212.8168
9101.99482  189.1623
9103.19473  82.03854
9104.39464  114.1821
9105.59455  191.756
9106.79446000001  190.5032
9107.99437  164.2161
9109.19428  115.8672
9110.39419  72.51783
9111.59410000001  78.37728
9112.79401000001  155.7303
9113.99392  148.5199
9115.19383000001  127.7452
9116.39374000001  67.99179
9117.59365000001  77.23328
9118.79356  121.3152
9119.99347000001  102.7814
9121.19338000001  130.2281
9122.39329  109.8215
9123.59320000001  130.971
9124.79311000001  172.5141
9125.99302  195.2032
9127.19293  98.33406
9128.39284  66.23166
9129.59275  16.40003
9130.79266  51.05645
9131.99257000001  87.31132
9133.19248000001  85.12782
9134.39239000001  104.21
9135.5923  89.8981
9136.79221000001  71.38493
9137.99212  98.87727
9139.19203  79.99713
9140.39194  47.51669
9141.59185000001  75.48528
9142.79176  86.04595
9143.99167000001  117.8891
9145.19158  100.1545
9146.39149  64.39381
9147.59140000001  61.83393
9148.79131  57.63873
9149.99122  51.81175
