3700.  944.5737
3701.19991  963.8046
3702.39982  961.7149
3703.59973  917.4436
3704.79964  926.1864
3705.99955  942.1361
3707.19946  928.3149
3708.39937  960.5298
3709.59928  941.9524
3710.79919  929.5244
3711.9991  970.4553
3713.19901  981.4611
3714.39892  923.0168
3715.59883  965.2529
3716.79874  1028.867
3717.99865  1000.447
3719.19856  972.8323
3720.39847  984.3089
3721.59838  992.7179
3722.79829  971.7337
3723.9982  1047.006
3725.19811  1049.
3726.39802  1037.449
3727.59793  1056.223
3728.79784  1015.238
3729.99775  944.2249
3731.19766  972.2604
3732.39757  1022.615
3733.59748  978.9672
3734.79739  994.8159
3735.9973  975.4997
3737.19721  1006.156
3738.39712  1016.981
3739.59703  1039.775
3740.79694  1009.397
3741.99685  1004.495
3743.19676  1011.471
3744.39667  961.7581
3745.59658  1027.869
3746.79649  1038.677
3747.9964  1016.254
3749.19631  1034.363
3750.39622  1045.26
3751.59613  1056.035
3752.79604  1050.564
3753.99595  1081.168
3755.19586  1104.281
3756.39577  1064.563
3757.59568  1090.154
3758.79559  1124.243
3759.9955  1085.96
3761.19541  1054.858
3762.39532  1132.959
3763.59523  1140.277
3764.79514  1127.959
3765.99505  1090.058
3767.19496  1127.279
3768.39487  1156.104
3769.59478  1139.662
3770.79469  1158.38
3771.9946  1135.336
3773.19451  1130.039
3774.39442  1140.238
3775.59433  1146.686
3776.79424  1130.085
3777.99415  1189.306
3779.19406  1173.537
3780.39397  1159.194
3781.59388  1211.85
3782.79379  1186.736
3783.9937  1222.076
3785.19361  1202.332
3786.39352  1248.869
3787.59343  1218.752
3788.79334  1196.374
3789.99325  1258.185
3791.19316  1248.434
3792.39307  1227.806
3793.59298  1237.59
3794.79289  1273.807
3795.9928  1266.263
3797.19271  1242.645
3798.39262  1267.706
3799.59253  1274.48
3800.79244  1318.06
3801.99235  1280.344
3803.19226  1262.176
3804.39217  1248.744
3805.59208  1269.422
3806.79199  1254.864
3807.9919  1271.791
3809.19181  1256.831
3810.39172  1251.393
3811.59163  1310.965
3812.79154  1318.4
3813.99145  1312.413
3815.19136  1277.543
3816.39127  1347.647
3817.59118  1365.642
3818.79109  1290.073
3819.991  1296.109
3821.19091  1342.14
3822.39082  1339.177
3823.59073  1331.946
3824.79064  1248.303
3825.99055  1346.634
3827.19046  1396.851
3828.39037  1411.87
3829.59028  1337.278
3830.79019  1324.971
3831.9901  1404.123
3833.19001  1391.807
3834.38992  1318.043
3835.58983  1388.939
3836.78974  1408.823
3837.98965  1408.896
3839.18956  1368.14
3840.38947  1373.351
3841.58938  1415.86
3842.78929  1438.73
3843.9892  1431.088
3845.18911  1419.125
3846.38902  1436.278
3847.58893  1434.074
3848.78884  1436.075
3849.98875  1474.898
3851.18866  1430.113
3852.38857  1451.712
3853.58848  1488.046
3854.78839  1527.39
3855.9883  1483.596
3857.18821  1445.977
3858.38812  1461.901
3859.58803  1519.138
3860.78794  1481.467
3861.98785  1501.938
3863.18776  1512.741
3864.38767  1493.216
3865.58758  1483.343
3866.78749  1493.575
3867.9874  1508.582
3869.18731  1508.28
3870.38722  1584.259
3871.58713  1542.215
3872.78704  1520.473
3873.98695  1584.43
3875.18686  1580.683
3876.38677  1599.512
3877.58668  1657.545
3878.78659  1653.383
3879.9865  1580.601
3881.18641  1585.401
3882.38632  1556.519
3883.58623  1610.502
3884.78614  1662.982
3885.98605  1654.758
3887.18596  1608.471
3888.38587  1632.161
3889.58578  1677.75
3890.78569  1628.589
3891.9856  1611.263
3893.18551  1651.532
3894.38542  1713.057
3895.58533  1681.26
3896.78524  1707.17
3897.98515  1687.175
3899.18506  1694.14
3900.38497  1748.511
3901.58488  1660.01
3902.78479  1712.486
3903.9847  1781.912
3905.18461  1761.83
3906.38452  1752.179
3907.58443  1768.457
3908.78434  1758.972
3909.98425  1756.725
3911.18416  1767.46
3912.38407  1764.716
3913.58398  1787.518
3914.78389  1745.65
3915.9838  1763.195
3917.18371  1788.23
3918.38362  1774.144
3919.58353  1771.122
3920.78344  1791.786
3921.98335  1831.593
3923.18326  1800.551
3924.38317  1776.657
3925.58308  1796.771
3926.78299  1914.666
3927.9829  1837.943
3929.18281  1728.609
3930.38272  1652.652
3931.58263  1641.034
3932.78254  1707.057
3933.98245  1742.42
3935.18236  1804.895
3936.38227  1812.753
3937.58218  1927.953
3938.78209  1876.796
3939.982  1890.489
3941.18191  1934.913
3942.38182  1912.888
3943.58173  1910.347
3944.78164  1913.128
3945.98155  1894.332
3947.18146  1921.261
3948.38137  1899.805
3949.58128  1941.424
3950.78119  1911.035
3951.9811  1931.327
3953.18101  1917.077
3954.38092  1876.721
3955.58083  1888.967
3956.78074  2050.524
3957.98065  1986.192
3959.18056  1924.444
3960.38047  1987.633
3961.58038  2017.878
3962.78029  1986.155
3963.9802  1945.861
3965.18011  1902.461
3966.38002  1838.274
3967.57993  1878.534
3968.77984  2005.399
3969.97975  2039.117
3971.17966  1957.133
3972.37957  1975.433
3973.57948  2035.799
3974.77939  2052.631
3975.9793  2014.093
3977.17921  2060.034
3978.37912  2063.764
3979.57903  2074.857
3980.77894  2084.549
3981.97885  2070.023
3983.17876  2107.764
3984.37867  2117.511
3985.57858  2101.747
3986.77849  2133.987
3987.9784  2205.264
3989.17831  2221.467
3990.37822  2201.951
3991.57813  2186.266
3992.77804  2120.841
3993.97795  2203.732
3995.17786  2216.34
3996.37777  2227.719
3997.57768  2172.115
3998.77759  2133.587
3999.9775  2202.992
4001.17741  2241.807
4002.37732  2235.878
4003.57723  2244.577
4004.77714  2211.221
4005.97705  2216.221
4007.17696  2288.618
4008.37687  2266.515
4009.57678  2256.549
4010.77669  2250.295
4011.9766  2272.342
4013.17651  2332.295
4014.37642  2251.015
4015.57633  2276.412
4016.77624  2269.082
4017.97615  2490.598
4019.17606  2298.508
4020.37597  2385.726
4021.57588  2285.289
4022.77579  2299.963
4023.9757  2342.501
4025.17561  2403.594
4026.37552  2299.542
4027.57543  2337.852
4028.77534  2353.768
4029.97525  2378.61
4031.17516  2419.53
4032.37507  2365.093
4033.57498  2351.7
4034.77489  2392.483
4035.9748  2416.027
4037.17471  2412.979
4038.37462  2366.188
4039.57453  2430.489
4040.77444  2436.542
4041.97435  2422.799
4043.17426  2369.003
4044.37417  2411.536
4045.57408  2413.626
4046.77399  2368.117
4047.9739  2380.678
4049.17381  2535.797
4050.37372  2421.132
4051.57363  2383.304
4052.77354  2436.508
4053.97345  2513.628
4055.17336  2416.807
4056.37327  2416.039
4057.57318  2470.135
4058.77309  2540.993
4059.973  2511.136
4061.17291  2526.171
4062.37282  2540.721
4063.57273  2496.571
4064.77264  2470.626
4065.97255  2452.755
4067.17246  2453.659
4068.37237  2446.247
4069.57228  2490.328
4070.77219  2466.79
4071.9721  2503.697
4073.17201  2566.328
4074.37192  2593.903
4075.57183  2528.377
4076.77174  2517.962
4077.97165  2541.676
4079.17156  2612.697
4080.37147  2545.332
4081.57138  2578.058
4082.77129  2585.963
4083.9712  2600.443
4085.17111  2597.995
4086.37102  2719.86
4087.57093  2619.644
4088.77084  2588.239
4089.97075  2575.086
4091.17066  2628.202
4092.37057  2609.794
4093.57048  2607.946
4094.77039  2627.268
4095.9703  2621.085
4097.17021  2597.562
4098.37012  2606.983
4099.57003  2618.129
4100.76994  2616.909
4101.96985  2621.747
4103.16976  2583.257
4104.36967  2651.647
4105.56958  2658.141
4106.76949  2684.696
4107.9694  2657.607
4109.16931  2679.057
4110.36922  2679.952
4111.56913  2663.135
4112.76904  2661.966
4113.96895  2727.305
4115.16886  2712.391
4116.36877  2684.647
4117.56868  2749.533
4118.76859  2738.773
4119.9685  2646.674
4121.16841  2679.262
4122.36832  2703.127
4123.56823  2698.956
4124.76814  2681.396
4125.96805  2732.85
4127.16796  2752.745
4128.36787  2695.499
4129.56778  2680.717
4130.76769  2662.286
4131.9676  2645.485
4133.16751  2730.866
4134.36742  2725.689
4135.56733  2733.237
4136.76724  2725.183
4137.96715  2763.34
4139.16706  2781.471
4140.36697  2844.773
4141.56688  2795.095
4142.76679  2729.94
4143.9667  2748.798
4145.16661  2708.376
4146.36652  2781.957
4147.56643  2719.226
4148.76634  2714.124
4149.96625  2752.117
4151.16616  2801.077
4152.36607  2765.235
4153.56598  2799.756
4154.76589  2782.771
4155.9658  2792.99
4157.16571  2761.096
4158.36562  2738.336
4159.56553  2747.278
4160.76544  2708.764
4161.96535  2809.072
4163.16526  2835.267
4164.36517  2841.48
4165.56508  2776.374
4166.76499  2753.022
4167.9649  2821.898
4169.16481  2829.183
4170.36472  2827.113
4171.56463  2819.201
4172.76454  2849.939
4173.96445  2850.745
4175.16436  2782.901
4176.36427  2803.843
4177.56418  2854.881
4178.76409  2878.452
4179.964  2940.159
4181.16391  2885.276
4182.36382  2812.496
4183.56373  2832.114
4184.76364  2864.032
4185.96355  2782.093
4187.16346  2722.415
4188.36337  2811.509
4189.56328  2871.754
4190.76319  2905.462
4191.9631  2830.532
4193.16301  2865.696
4194.36292  2892.524
4195.56283  2971.091
4196.76274  2867.095
4197.96265  2911.451
4199.16256  2947.188
4200.36247  2963.769
4201.56238  2950.057
4202.76229  2914.082
4203.9622  2887.045
4205.16211  2907.561
4206.36202  2970.648
4207.56193  2974.806
4208.76184  2927.41
4209.96175  2917.501
4211.16166  2946.441
4212.36157  2943.268
4213.56148  2938.475
4214.76139  2919.141
4215.9613  2964.026
4217.16121  3034.45
4218.36112  2991.338
4219.56103  2911.775
4220.76094  2851.278
4221.96085  2952.474
4223.16076  3054.361
4224.36067  2973.605
4225.56058  2957.206
4226.76049  2947.409
4227.9604  2958.291
4229.16031  3006.163
4230.36022  3011.779
4231.56013  3016.438
4232.76004  3041.232
4233.95995  3080.506
4235.15986  3057.722
4236.35977  3125.24
4237.55968  3143.156
4238.75959  3044.922
4239.9595  2985.614
4241.15941  3034.947
4242.35932  3046.196
4243.55923  3042.299
4244.75914  2994.497
4245.95905  3051.939
4247.15896  3088.005
4248.35887  3092.049
4249.55878  3157.231
4250.75869  3192.5
4251.9586  3166.986
4253.15851  3159.059
4254.35842  3145.666
4255.55833  3172.665
4256.75824  3150.446
4257.95815  3170.673
4259.15806  3153.255
4260.35797  3187.778
4261.55788  3170.807
4262.75779  3152.336
4263.9577  3187.051
4265.15761  3275.491
4266.35752  3190.667
4267.55743  3178.455
4268.75734  3191.586
4269.95725  3232.906
4271.15716  3243.199
4272.35707  3194.815
4273.55698  3189.304
4274.75689  3225.575
4275.9568  3217.357
4277.15671  3178.292
4278.35662  3243.791
4279.55653  3240.44
4280.75644  3224.506
4281.95635  3263.821
4283.15626  3384.51
4284.35617  3276.809
4285.55608  3269.614
4286.75599  3294.396
4287.9559  3311.792
4289.15581  3371.95
4290.35572  3357.02
4291.55563  3384.017
4292.75554  3339.112
4293.95545  3365.904
4295.15536  3395.186
4296.35527  3375.55
4297.55518  3387.791
4298.75509  3437.456
4299.955  3422.811
4301.15491  3367.814
4302.35482  3388.175
4303.55473  3503.324
4304.75464  3495.725
4305.95455  3517.204
4307.15446  3496.203
4308.35437  3440.545
4309.55428  3522.643
4310.75419  3467.478
4311.9541  3472.698
4313.15401  3568.338
4314.35392  3575.451
4315.55383  3520.101
4316.75374  3470.326
4317.95365  3505.61
4319.15356  3512.804
4320.35347  3506.118
4321.55338  3620.699
4322.75329  3548.344
4323.9532  3579.359
4325.15311  3660.957
4326.35302  3669.119
4327.55293  3617.844
4328.75284  3575.334
4329.95275  3537.386
4331.15266  3549.933
4332.35257  3618.668
4333.55248  3603.831
4334.75239  3600.853
4335.9523  3660.94
4337.15221  3661.094
4338.35212  3641.568
4339.55203  3688.317
4340.75194  3702.624
4341.95185  3669.228
4343.15176  3667.73
4344.35167  3729.317
4345.55158  3748.972
4346.75149  3768.432
4347.9514  3766.049
4349.15131  3716.773
4350.35122  3713.807
4351.55113  3643.489
4352.75104  3750.185
4353.95095  3831.698
4355.15086  3814.603
4356.35077  3840.46
4357.55068  3831.268
4358.75059  3785.738
4359.9505  3652.808
4361.15041  3711.894
4362.35032  3953.018
4363.55023  3893.046
4364.75014  3890.261
4365.95005  3821.543
4367.14996  3843.2
4368.34987  3852.982
4369.54978  3967.151
4370.74969  3825.104
4371.9496  3908.224
4373.14951  3871.098
4374.34942  3896.632
4375.54933  3950.471
4376.74924  3953.706
4377.94915  3867.872
4379.14906  3956.01
4380.34897  3862.402
4381.54888  3890.864
4382.74879  3921.301
4383.9487  4026.928
4385.14861  4008.905
4386.34852  3953.944
4387.54843  3977.462
4388.74834  4008.862
4389.94825  3964.474
4391.14816  3965.536
4392.34807  3967.36
4393.54798  3965.469
4394.74789  4001.286
4395.9478  4033.107
4397.14771  4053.358
4398.34762  4043.06
4399.54753  3997.859
4400.74744  3996.107
4401.94735  4048.439
4403.14726  4074.852
4404.34717  4114.571
4405.54708  4033.995
4406.74699  4007.139
4407.9469  4011.797
4409.14681  4018.129
4410.34672  4107.322
4411.54663  4027.43
4412.74654  4011.849
4413.94645  4070.566
4415.14636  4243.852
4416.34627  4065.394
4417.54618  4120.432
4418.74609  3987.536
4419.946  4115.286
4421.14591  4120.819
4422.34582  4144.215
4423.54573  3942.434
4424.74564  3968.145
4425.94555  4066.542
4427.14546  4109.214
4428.34537  4129.018
4429.54528  4121.064
4430.74519  4105.515
4431.9451  4080.355
4433.14501  4089.31
4434.34492  4053.401
4435.54483  4068.99
4436.74474  4064.395
4437.94465  4067.563
4439.14456  4082.477
4440.34447  4150.772
4441.54438  4088.85
4442.74429  4113.957
4443.9442  4144.241
4445.14411  4125.504
4446.34402  4128.974
4447.54393  4173.233
4448.74384  4152.148
4449.94375  4164.752
4451.14366  4169.846
4452.34357  4184.931
4453.54348  4212.466
4454.74339  4183.866
4455.9433  4097.232
4457.14321  4131.635
4458.34312  4174.571
4459.54303  4173.464
4460.74294  4150.238
4461.94285  4144.767
4463.14276  4201.41
4464.34267  4184.08
4465.54258  4173.701
4466.74249  4272.957
4467.9424  4256.436
4469.14231  4199.985
4470.34222  4287.008
4471.54213  4305.223
4472.74204  4241.653
4473.94195  4230.244
4475.14186  4243.029
4476.34177  4183.46
4477.54168  4152.887
4478.74159  4274.941
4479.9415  4309.255
4481.14141  4248.198
4482.34132  4160.717
4483.54123  4132.63
4484.74114  4202.654
4485.94105  4288.014
4487.14096  4212.223
4488.34087  4270.728
4489.54078  4326.823
4490.74069  4252.429
4491.9406  4305.823
4493.14051  4237.814
4494.34042  4242.362
4495.54033  4271.786
4496.74024  4296.828
4497.94015  4268.819
4499.14006  4297.599
4500.33997  4368.672
4501.53988  4356.064
4502.73979  4368.273
4503.9397  4330.64
4505.13961  4294.712
4506.33952  4316.726
4507.53943  4370.002
4508.73934  4376.739
4509.93925  4396.744
4511.13916  4361.749
4512.33907  4369.289
4513.53898  4409.649
4514.73889  4404.186
4515.9388  4414.492
4517.13871  4403.316
4518.33862  4386.7
4519.53853  4363.77
4520.73844  4367.226
4521.93835  4388.385
4523.13826  4406.556
4524.33817  4420.444
4525.53808  4380.79
4526.73799  4411.827
4527.9379  4416.053
4529.13781  4397.072
4530.33772  4487.663
4531.53763  4521.91
4532.73754  4512.53
4533.93745  4455.184
4535.13736  4379.974
4536.33727  4507.467
4537.53718  4541.087
4538.73709  4453.909
4539.937  4586.007
4541.13691  4463.902
4542.33682  4501.158
4543.53673  4598.611
4544.73664  4510.76
4545.93655  4524.978
4547.13646  4549.404
4548.33637  4565.428
4549.53628  4479.088
4550.73619  4669.261
4551.9361  4508.344
4553.13601  4534.071
4554.33592  4439.442
4555.53583  4583.686
4556.73574  4669.215
4557.93565  4511.894
4559.13556  4657.153
4560.33547  4673.457
4561.53538  4629.505
4562.73529  4559.709
4563.9352  4605.67
4565.13511  4602.024
4566.33502  4601.657
4567.53493  4617.653
4568.73484  4733.886
4569.93475  4662.527
4571.13466  4627.239
4572.33457  4753.762
4573.53448  4678.31
4574.73439  4601.584
4575.9343  4687.182
4577.13421  4769.56
4578.33412  4762.103
4579.53403  4809.159
4580.73394  4752.586
4581.93385  4666.55
4583.13376  4645.482
4584.33367  4689.707
4585.53358  4722.194
4586.73349  4782.188
4587.9334  4766.668
4589.13331  4691.057
4590.33322  4691.052
4591.53313  4667.515
4592.73304  4728.959
4593.93295  4736.274
4595.13286  4642.383
4596.33277  4657.149
4597.53268  4745.05
4598.73259  4745.394
4599.9325  4722.244
4601.13241  4736.15
4602.33232  4837.74
4603.53223  4827.422
4604.73214  4769.599
4605.93205  4767.979
4607.13196  4776.302
4608.33187  4703.366
4609.53178  4745.21
4610.73169  4737.502
4611.9316  4743.314
4613.13151  4775.903
4614.33142  4809.463
4615.53133  4908.619
4616.73124  4872.826
4617.93115  4825.08
4619.13106  4864.72
4620.33097  4748.479
4621.53088  4823.748
4622.73079  4864.657
4623.9307  4862.719
4625.13061  4901.242
4626.33052  4816.42
4627.53043  4912.167
4628.73034  4878.099
4629.93025  4833.688
4631.13016  4864.657
4632.33007  4806.395
4633.52998  4897.444
4634.72989  4841.88
4635.9298  4875.217
4637.12971  4904.096
4638.32962  4873.212
4639.52953  4857.81
4640.72944  4805.41
4641.92935  4934.526
4643.12926  4915.627
4644.32917  4769.505
4645.52908  4848.833
4646.72899  4955.009
4647.9289  4962.758
4649.12881  5022.848
4650.32872  4940.658
4651.52863  4880.179
4652.72854  4936.049
4653.92845  4956.021
4655.12836  4882.225
4656.32827  4886.658
4657.52818  4975.568
4658.72809  4898.833
4659.928  4931.427
4661.12791  4878.938
4662.32782  4952.668
4663.52773  5054.076
4664.72764  5061.501
4665.92755  5140.978
4667.12746  4977.548
4668.32737  4884.426
4669.52728  5052.315
4670.72719  5100.75
4671.9271  4998.979
4673.12701  4998.181
4674.32692  4997.627
4675.52683  5049.128
4676.72674  4990.882
4677.92665  5049.039
4679.12656  5082.271
4680.32647  5186.5
4681.52638  5174.055
4682.72629  5019.809
4683.9262  5021.824
4685.12611  5055.055
4686.32602  5123.559
4687.52593  5070.636
4688.72584  5064.633
4689.92575  5161.848
4691.12566  5099.175
4692.32557  5114.436
4693.52548  5116.499
4694.72539  5162.689
4695.9253  5209.948
4697.12521  5150.368
4698.32512  5026.629
4699.52503  5096.89
4700.72494  5176.52
4701.92485  5092.299
4703.12476  5098.45
4704.32467  5140.928
4705.52458  5181.636
4706.72449  5136.755
4707.9244  5134.462
4709.12431  5167.627
4710.32422  5142.613
4711.52413  5124.904
4712.72404  5106.203
4713.92395  5166.107
4715.12386  5124.619
4716.32377  5106.344
4717.52368  5187.201
4718.72359  5208.333
4719.9235  5148.147
4721.12341  5174.091
4722.32332  5256.765
4723.52323  5238.988
4724.72314  5279.628
4725.92305  5270.703
4727.12296  5187.007
4728.32287  5228.926
4729.52278  5240.463
4730.72269  5145.169
4731.9226  5307.233
4733.12251  5250.48
4734.32242  5309.731
4735.52233  5275.688
4736.72224  5150.082
4737.92215  5134.333
4739.12206  5183.807
4740.32197  5206.302
4741.52188  5182.104
4742.72179  5293.114
4743.9217  5239.051
4745.12161  5261.302
4746.32152  5139.198
4747.52143  5314.266
4748.72134  5229.001
4749.92125  5134.991
4751.12116  5134.756
4752.32107  5204.027
4753.52098  5096.883
4754.72089  5237.47
4755.9208  5241.934
4757.12071  5170.02
4758.32062  5186.633
4759.52053  5219.643
4760.72044  5115.789
4761.92035  5160.257
4763.12026  5172.726
4764.32017  5217.333
4765.52008  5084.116
4766.71999  5223.758
4767.9199  5138.815
4769.11981  5323.088
4770.31972  5186.504
4771.51963  5124.524
4772.71954  5225.86
4773.91945  5250.753
4775.11936  5062.022
4776.31927  5194.581
4777.51918  5197.017
4778.71909  5158.309
4779.919  5186.557
4781.11891  5190.531
4782.31882  5158.712
4783.51873  5130.955
4784.71864  5122.647
4785.91855  5099.248
4787.11846  5154.514
4788.31837  5160.44
4789.51828  5230.026
4790.71819  5213.125
4791.9181  5116.623
4793.11801  5123.451
4794.31792  5175.073
4795.51783  5210.074
4796.71774  5146.396
4797.91765  5127.358
4799.11756  4995.428
4800.31747  5086.104
4801.51738  5173.668
4802.71729  5183.598
4803.9172  5067.065
4805.11711  5169.371
4806.31702  5138.541
4807.51693  5026.054
4808.71684  5080.817
4809.91675  5233.919
4811.11666  5024.527
4812.31657  5094.373
4813.51648  5167.612
4814.71639  5192.204
4815.9163  5104.888
4817.11621  5071.187
4818.31612  5066.222
4819.51603  5139.755
4820.71594  5060.556
4821.91585  5104.682
4823.11576  5065.039
4824.31567  5133.759
4825.51558  5167.542
4826.71549  5075.666
4827.9154  5066.926
4829.11531  5101.512
4830.31522  5131.417
4831.51513  5079.643
4832.71504  5225.834
4833.91495  5103.459
4835.11486  5048.605
4836.31477  5135.379
4837.51468  5166.27
4838.71459  5150.106
4839.9145  5118.843
4841.11441  5148.659
4842.31432  5026.468
4843.51423  5118.385
4844.71414  5058.106
4845.91405  5067.945
4847.11396  5035.182
4848.31387  5089.161
4849.51378  5063.222
4850.71369  5025.958
4851.9136  5079.005
4853.11351  5133.826
4854.31342  5153.195
4855.51333  5087.023
4856.71324  5105.827
4857.91315  5151.197
4859.11306  5152.931
4860.31297  5083.344
4861.51288  5012.048
4862.71279  5028.565
4863.9127  5054.665
4865.11261  5028.074
4866.31252  5064.563
4867.51243  5072.596
4868.71234  4983.911
4869.91225  5070.147
4871.11216  5108.557
4872.31207  5060.994
4873.51198  5089.51
4874.71189  5107.467
4875.9118  5116.283
4877.11171  5115.861
4878.31162  5040.985
4879.51153  5036.063
4880.71144  5050.886
4881.91135  5016.342
4883.11126  5012.93
4884.31117  5042.024
4885.51108  5055.775
4886.71099  5065.026
4887.9109  5063.483
4889.11081  5051.971
4890.31072  5103.45
4891.51063  5108.607
4892.71054  5082.771
4893.91045  5081.432
4895.11036  5093.903
4896.31027  5057.269
4897.51018  5076.201
4898.71009  5053.804
4899.91  5087.374
4901.10991  5173.032
4902.30982  5128.166
4903.50973  5081.91
4904.70964  5169.775
4905.90955  5136.083
4907.10946  5111.737
4908.30937  5180.546
4909.50928  5168.279
4910.70919  5197.231
4911.9091  5222.792
4913.10901  5168.254
4914.30892  5174.878
4915.50883  5203.526
4916.70874  5152.062
4917.90865  5111.935
4919.10856  5145.376
4920.30847  5223.253
4921.50838  5191.623
4922.70829  5187.871
4923.9082  5191.444
4925.10811  5101.202
4926.30802  5162.583
4927.50793  5208.06
4928.70784  5183.795
4929.90775  5213.347
4931.10766  5165.854
4932.30757  5071.864
4933.50748  5158.461
4934.70739  5203.434
4935.9073  5182.111
4937.10721  5250.407
4938.30712  5163.335
4939.50703  5177.976
4940.70694  5252.978
4941.90685  5254.771
4943.10676  5189.853
4944.30667  5133.401
4945.50658  5164.203
4946.70649  5152.425
4947.9064  5264.587
4949.10631  5376.807
4950.30622  5282.952
4951.50613  5258.025
4952.70604  5306.091
4953.90595  5324.879
4955.10586  5270.01
4956.30577  5205.982
4957.50568  5186.155
4958.70559  5184.141
4959.9055  5206.303
4961.10541  5206.62
4962.30532  5314.731
4963.50523  5321.217
4964.70514  5226.889
4965.90505  5148.558
4967.10496  5090.771
4968.30487  5188.59
4969.50478  5251.416
4970.70469  5313.07
4971.9046  5322.
4973.10451  5209.181
4974.30442  5163.579
4975.50433  5221.934
4976.70424  5277.09
4977.90415  5253.483
4979.10406  5238.877
4980.30397  5277.381
4981.50388  5300.989
4982.70379  5311.012
4983.9037  5307.035
4985.10361  5303.467
4986.30352  5285.347
4987.50343  5227.744
4988.70334  5160.958
4989.90325  5171.31
4991.10316  5294.333
4992.30307  5272.149
4993.50298  5182.838
4994.70289  5136.487
4995.9028  5159.963
4997.10271  5198.187
4998.30262  5270.802
4999.50253  5316.522
5000.70244  5249.798
5001.90235  5179.494
5003.10226  5244.991
5004.30217  5309.464
5005.50208  5313.455
5006.70199  5298.941
5007.9019  5217.861
5009.10181  5203.611
5010.30172  5256.907
5011.50163  5282.108
5012.70154  5223.596
5013.90145  5191.17
5015.10136  5165.807
5016.30127  5163.762
5017.50118  5252.631
5018.70109  5300.864
5019.901  5265.996
5021.10091  5239.612
5022.30082  5210.015
5023.50073  5263.386
5024.70064  5352.18
5025.90055  5285.945
5027.10046  5247.191
5028.30037  5310.015
5029.50028  5299.841
5030.70019  5224.197
5031.9001  5230.231
5033.10001  5281.413
5034.29992  5338.317
5035.49983  5403.061
5036.69974  5361.448
5037.89965  5253.881
5039.09956  5265.98
5040.29947  5379.287
5041.49938  5444.007
5042.69929  5341.949
5043.8992  5283.205
5045.09911  5327.288
5046.29902  5310.081
5047.49893  5378.045
5048.69884  5405.861
5049.89875  5395.203
5051.09866  5450.598
5052.29857  5441.945
5053.49848  5370.884
5054.69839  5337.081
5055.8983  5417.449
5057.09821  5431.492
5058.29812  5410.18
5059.49803  5438.592
5060.69794  5451.033
5061.89785  5431.096
5063.09776  5474.196
5064.29767  5538.334
5065.49758  5522.145
5066.69749  5443.499
5067.8974  5444.54
5069.09731  5580.402
5070.29722  5471.143
5071.49713  5406.756
5072.69704  5461.3
5073.89695  5501.496
5075.09686  5503.083
5076.29677  5460.852
5077.49668  5482.384
5078.69659  5464.244
5079.8965  5476.454
5081.09641  5582.784
5082.29632  5602.029
5083.49623  5597.788
5084.69614  5585.005
5085.89605  5598.877
5087.09596  5611.554
5088.29587  5609.62
5089.49578  5616.836
5090.69569  5568.55
5091.8956  5614.534
5093.09551  5715.037
5094.29542  5690.719
5095.49533  5605.815
5096.69524  5618.492
5097.89515  5711.844
5099.09506  5615.325
5100.29497  5625.369
5101.49488  5664.9
5102.69479  5626.657
5103.8947  5740.484
5105.09461  5735.326
5106.29452  5813.197
5107.49443  5757.4
5108.69434  5683.211
5109.89425  5788.922
5111.09416  5782.938
5112.29407  5799.465
5113.49398  5809.343
5114.69389  5862.837
5115.8938  5797.316
5117.09371  5866.696
5118.29362  5815.576
5119.49353  5767.351
5120.69344  5778.385
5121.89335  5888.872
5123.09326  5918.633
5124.29317  6000.042
5125.49308  5913.97
5126.69299  5958.69
5127.8929  5971.77
5129.09281  5949.479
5130.29272  6014.386
5131.49263  5896.457
5132.69254  6043.516
5133.89245  6015.824
5135.09236  6107.752
5136.29227  6065.31
5137.49218  6049.728
5138.69209  6167.92
5139.892  6269.442
5141.09191  6224.344
5142.29182  6190.496
5143.49173  6113.544
5144.69164  6281.282
5145.89155  6307.721
5147.09146  6215.565
5148.29137  6228.196
5149.49128  6142.276
5150.69119  6258.428
5151.8911  6350.558
5153.09101  6257.977
5154.29092  6287.158
5155.49083  6386.625
5156.69074  6295.808
5157.89065  6298.351
5159.09056  6321.317
5160.29047  6231.125
5161.49038  6404.408
5162.69029  6507.243
5163.8902  6554.242
5165.09011  6306.677
5166.29002  6370.737
5167.48993  6340.598
5168.68984  6481.8
5169.88975  6541.922
5171.08966  6503.806
5172.28957  6505.241
5173.48948  6586.137
5174.68939  6583.73
5175.8893  6503.379
5177.08921  6605.735
5178.28912  6543.833
5179.48903  6567.124
5180.68894  6522.813
5181.88885  6689.103
5183.08876  6629.798
5184.28867  6676.291
5185.48858  6606.212
5186.68849  6651.483
5187.8884  6631.783
5189.08831  6742.322
5190.28822  6744.068
5191.48813  6757.574
5192.68804  6750.499
5193.88795  6832.859
5195.08786  6794.092
5196.28777  6846.65
5197.48768  6802.727
5198.68759  6807.006
5199.8875  6897.982
5201.08741  6815.644
5202.28732  6879.649
5203.48723  6933.835
5204.68714  6941.798
5205.88705  6837.866
5207.08696  6960.462
5208.28687  6803.27
5209.48678  6881.496
5210.68669  7005.747
5211.8866  7014.626
5213.08651  7003.883
5214.28642  6975.99
5215.48633  7175.248
5216.68624  7048.317
5217.88615  7083.614
5219.08606  7204.989
5220.28597  7312.532
5221.48588  7162.852
5222.68579  7133.431
5223.8857  7266.968
5225.08561  7258.371
5226.28552  7234.126
5227.48543  7464.889
5228.68534  7390.861
5229.88525  7350.164
5231.08516  7357.475
5232.28507  7474.742
5233.48498  7502.179
5234.68489  7547.272
5235.8848  7556.021
5237.08471  7617.183
5238.28462  7500.572
5239.48453  7575.385
5240.68444  7577.732
5241.88435  7650.903
5243.08426  7674.929
5244.28417  7726.259
5245.48408  7830.531
5246.68399  7794.487
5247.8839  7828.771
5249.08381  7844.189
5250.28372  7846.668
5251.48363  7865.028
5252.68354  7892.373
5253.88345  7915.387
5255.08336  7955.804
5256.28327  8008.907
5257.48318  8031.151
5258.68309  8072.282
5259.883  8099.445
5261.08291  8101.971
5262.28282  8195.396
5263.48273  8164.06
5264.68264  8230.127
5265.88255  8399.886
5267.08246  8315.364
5268.28237  8223.977
5269.48228  8305.044
5270.68219  8309.499
5271.8821  8248.608
5273.08201  8394.659
5274.28192  8489.856
5275.48183  8505.854
5276.68174  8468.496
5277.88165  8528.272
5279.08156  8640.994
5280.28147  8651.05
5281.48138  8799.663
5282.68129  8912.399
5283.8812  8808.872
5285.08111  8728.669
5286.28102  8775.229
5287.48093  8725.451
5288.68084  8733.148
5289.88075  8779.854
5291.08066  8827.389
5292.28057  8856.516
5293.48048  8742.67
5294.68039  8714.551
5295.8803  8689.146
5297.08021  8644.395
5298.28012  8602.585
5299.48003  8695.211
5300.67994  8674.555
5301.87985  8652.661
5303.07976  8646.044
5304.27967  8653.563
5305.47958  8541.314
5306.67949  8415.091
5307.8794  8290.302
5309.07931  8281.529
5310.27922  8330.227
5311.47913  8120.712
5312.67904  8016.788
5313.87895  7987.454
5315.07886  8076.09
5316.27877  8003.837
5317.47868  7953.951
5318.67859  7857.283
5319.8785  7905.397
5321.07841  7897.107
5322.27832  7865.138
5323.47823  7662.914
5324.67814  7690.844
5325.87805  7659.42
5327.07796  7587.113
5328.27787  7640.074
5329.47778  7463.845
5330.67769  7474.461
5331.8776  7590.3
5333.07751  7483.026
5334.27742  7485.861
5335.47733  7413.664
5336.67724  7339.708
5337.87715  7413.731
5339.07706  7425.597
5340.27697  7383.946
5341.47688  7354.05
5342.67679  7387.769
5343.8767  6815.265
5345.07661  4653.896
5346.27652  6410.738
5347.47643  7227.361
5348.67634  7341.613
5349.87625  7312.713
5351.07616  7366.009
5352.27607  7359.579
5353.47598  7239.053
5354.67589  7202.855
5355.8758  7105.509
5357.07571  7166.139
5358.27562  7164.114
5359.47553  7097.754
5360.67544  7214.475
5361.87535  7113.719
5363.07526  6998.14
5364.27517  7036.428
5365.47508  6999.991
5366.67499  6996.091
5367.8749  6953.549
5369.07481  6947.59
5370.27472  6896.925
5371.47463  6896.747
5372.67454  6916.91
5373.87445  6883.997
5375.07436  6799.45
5376.27427  6891.492
5377.47418  6922.855
5378.67409  6840.914
5379.874  6796.292
5381.07391  6771.697
5382.27382  6720.492
5383.47373  6725.333
5384.67364  6727.456
5385.87355  6655.097
5387.07346  6637.923
5388.27337  6647.986
5389.47328  6616.296
5390.67319  6521.902
5391.8731  6551.401
5393.07301  6659.891
5394.27292  6589.118
5395.47283  6559.839
5396.67274  6533.662
5397.87265  6508.449
5399.07256  6452.84
5400.27247  6482.226
5401.47238  6524.179
5402.67229  6603.689
5403.8722  6603.869
5405.07211  6492.005
5406.27202  6522.005
5407.47193  6600.137
5408.67184  6421.983
5409.87175  6502.223
5411.07166  6542.076
5412.27157  6564.599
5413.47148  6501.833
5414.67139  6393.303
5415.8713  6305.524
5417.07121  6335.634
5418.27112  6438.236
5419.47103  6419.319
5420.67094  6294.032
5421.87085  6379.11
5423.07076  6393.643
5424.27067  6289.159
5425.47058  6360.746
5426.67049  6386.961
5427.8704  6423.517
5429.07031  6150.969
5430.27022  6347.444
5431.47013  6237.661
5432.67004  6291.333
5433.86995  6295.463
5435.06986  6316.843
5436.26977  6428.
5437.46968  6232.245
5438.66959  6189.439
5439.8695  6168.509
5441.06941  6088.464
5442.26932  6222.808
5443.46923  6205.337
5444.66914  6150.567
5445.86905  6048.643
5447.06896  6072.554
5448.26887  6177.502
5449.46878  6185.162
5450.66869  6164.297
5451.8686  6113.331
5453.06851  6104.676
5454.26842  6139.756
5455.46833  6062.316
5456.66824  6040.257
5457.86815  6112.494
5459.06806  6058.608
5460.26797  5959.298
5461.46788  6034.015
5462.66779  5996.708
5463.8677  6002.282
5465.06761  5967.153
5466.26752  6007.018
5467.46743  6088.05
5468.66734  6068.644
5469.86725  6046.925
5471.06716  6093.802
5472.26707  6098.165
5473.46698  5995.096
5474.66689  6006.89
5475.8668  6016.454
5477.06671  5961.295
5478.26662  6003.493
5479.46653  6022.172
5480.66644  6073.455
5481.86635  6079.415
5483.06626  6018.811
5484.26617  6051.904
5485.46608  6058.268
5486.66599  6098.176
5487.8659  6055.88
5489.06581  5996.004
5490.26572  5977.255
5491.46563  6027.257
5492.66554  6051.15
5493.86545  6037.242
5495.06536  6075.254
5496.26527  6012.397
5497.46518  6019.041
5498.66509  6044.145
5499.865  6071.673
5501.06491  6120.746
5502.26482  6060.998
5503.46473  6088.635
5504.66464  6040.354
5505.86455  5916.411
5507.06446  5922.96
5508.26437  5935.275
5509.46428  6068.604
5510.66419  5936.223
5511.8641  6111.431
5513.06401  5938.827
5514.26392  5982.939
5515.46383  5990.395
5516.66374  6072.135
5517.86365  5990.018
5519.06356  6097.269
5520.26347  5978.89
5521.46338  6049.758
5522.66329  5896.626
5523.8632  5970.88
5525.06311  6028.376
5526.26302  6035.132
5527.46293  5901.518
5528.66284  6028.222
5529.86275  6162.048
5531.06266  5959.343
5532.26257  5878.554
5533.46248  5664.483
5534.66239  5863.44
5535.8623  5862.774
5537.06221  5910.488
5538.26212  5991.712
5539.46203  6020.312
5540.66194  5997.182
5541.86185  5930.021
5543.06176  6065.108
5544.26167  6158.787
5545.46158  6049.702
5546.66149  6034.521
5547.8614  6108.912
5549.06131  6118.667
5550.26122  6058.388
5551.46113  6057.876
5552.66104  6112.303
5553.86095  6087.233
5555.06086  6016.175
5556.26077  6013.878
5557.46068  6099.878
5558.66059  6095.693
5559.8605  6107.5
5561.06041  6093.291
5562.26032  6031.063
5563.46023  6103.872
5564.66014  6166.908
5565.86005  6143.757
5567.05996  6052.762
5568.25987  6033.214
5569.45978  6038.821
5570.65969  6037.4
5571.8596  6039.458
5573.05951  5875.088
5574.25942  5547.34
5575.45933  5853.849
5576.65924  6728.969
5577.85915  6742.143
5579.05906  6650.236
5580.25897  6149.212
5581.45888  6252.662
5582.65879  6196.772
5583.8587  6051.181
5585.05861  6035.247
5586.25852  5991.815
5587.45843  5945.907
5588.65834  6060.395
5589.85825  6127.579
5591.05816  5958.909
5592.25807  5915.313
5593.45798  6091.968
5594.65789  6054.298
5595.8578  6030.374
5597.05771  6113.789
5598.25762  6047.044
5599.45753  6061.723
5600.65744  5950.139
5601.85735  5920.964
5603.05726  6040.978
5604.25717  6048.298
5605.45708  5983.665
5606.65699  6145.244
5607.8569  6011.688
5609.05681  5925.06
5610.25672  6007.117
5611.45663  6047.403
5612.65654  6032.444
5613.85645  6058.088
5615.05636  5916.743
5616.25627  5958.767
5617.45618  6009.074
5618.65609  6009.127
5619.856  5986.044
5621.05591  6066.187
5622.25582  6008.529
5623.45573  5959.763
5624.65564  6040.678
5625.85555  5951.541
5627.05546  5886.226
5628.25537  5969.589
5629.45528  5956.905
5630.65519  5913.676
5631.8551  5935.707
5633.05501  5870.683
5634.25492  5844.202
5635.45483  5947.582
5636.65474  5987.59
5637.85465  6023.164
5639.05456  6019.29
5640.25447  5994.141
5641.45438  6091.368
5642.65429  6027.543
5643.8542  6013.857
5645.05411  5822.407
5646.25402  5798.575
5647.45393  5868.446
5648.65384  5874.731
5649.85375  5881.569
5651.05366  5886.805
5652.25357  5865.139
5653.45348  5870.056
5654.65339  5786.14
5655.8533  5871.582
5657.05321  5929.902
5658.25312  5821.898
5659.45303  5760.022
5660.65294  5796.644
5661.85285  5892.288
5663.05276  5835.974
5664.25267  5880.533
5665.45258  5830.582
5666.65249  5687.24
5667.8524  5692.882
5669.05231  5684.464
5670.25222  5746.018
5671.45213  5835.968
5672.65204  5716.941
5673.85195  5717.505
5675.05186  5721.342
5676.25177  5779.29
5677.45168  5766.23
5678.65159  5812.457
5679.8515  5768.175
5681.05141  5705.966
5682.25132  5726.205
5683.45123  5662.044
5684.65114  5573.953
5685.85105  5610.872
5687.05096  5694.49
5688.25087  5731.018
5689.45078  5719.442
5690.65069  5753.68
5691.8506  5754.121
5693.05051  5730.401
5694.25042  5717.502
5695.45033  5682.737
5696.65024  5669.364
5697.85015  5687.264
5699.05006  5663.065
5700.24997  5631.322
5701.44988  5703.572
5702.64979  5879.225
5703.8497  5910.555
5705.04961  5771.025
5706.24952  5768.613
5707.44943  5783.461
5708.64934  5676.073
5709.84925  5634.9
5711.04916  5583.732
5712.24907  5484.54
5713.44898  5526.773
5714.64889  5643.901
5715.8488  5662.022
5717.04871  5547.514
5718.24862  5700.381
5719.44853  5690.884
5720.64844  5598.356
5721.84835  5578.882
5723.04826  5616.9
5724.24817  5683.747
5725.44808  5693.558
5726.64799  5609.677
5727.8479  5600.414
5729.04781  5559.573
5730.24772  5583.75
5731.44763  5527.007
5732.64754  5681.019
5733.84745  5669.592
5735.04736  5671.958
5736.24727  5591.512
5737.44718  5750.382
5738.64709  5642.263
5739.847  5593.119
5741.04691  5601.362
5742.24682  5556.598
5743.44673  5610.468
5744.64664  5435.444
5745.84655  5544.178
5747.04646  5654.679
5748.24637  5508.153
5749.44628  5467.146
5750.64619  5534.228
5751.8461  5570.396
5753.04601  5607.424
5754.24592  5613.374
5755.44583  5582.419
5756.64574  5499.917
5757.84565  5588.034
5759.04556  5606.789
5760.24547  5567.577
5761.44538  5590.882
5762.64529  5601.433
5763.8452  5517.235
5765.04511  5470.729
5766.24502  5537.348
5767.44493  5584.754
5768.64484  5606.63
5769.84475  5570.949
5771.04466  5566.808
5772.24457  5552.75
5773.44448  5502.395
5774.64439  5423.416
5775.8443  5518.952
5777.04421  5563.515
5778.24412  5529.445
5779.44403  5481.934
5780.64394  5604.308
5781.84385  5461.833
5783.04376  5608.385
5784.24367  5548.265
5785.44358  5580.205
5786.64349  5564.798
5787.8434  5483.95
5789.04331  5566.541
5790.24322  5524.747
5791.44313  5564.126
5792.64304  5513.474
5793.84295  5540.508
5795.04286  5554.603
5796.24277  5671.096
5797.44268  5535.494
5798.64259  5532.794
5799.8425  5621.421
5801.04241  5609.706
5802.24232  5604.718
5803.44223  5609.28
5804.64214  5559.86
5805.84205  5601.3
5807.04196  5700.592
5808.24187  5666.965
5809.44178  5652.368
5810.64169  5613.426
5811.8416  5574.321
5813.04151  5631.437
5814.24142  5648.019
5815.44133  5718.301
5816.64124  5694.199
5817.84115  5635.447
5819.04106  5600.157
5820.24097  5590.612
5821.44088  5598.032
5822.64079  5646.299
5823.8407  5680.374
5825.04061  5694.218
5826.24052  5745.965
5827.44043  5725.015
5828.64034  5707.682
5829.84025  5753.533
5831.04016  5763.015
5832.24007  5717.211
5833.43998  5636.527
5834.63989  5694.667
5835.8398  5764.088
5837.03971  5751.428
5838.23962  5699.873
5839.43953  5776.019
5840.63944  5706.154
5841.83935  5724.233
5843.03926  5672.845
5844.23917  5646.512
5845.43908  5814.238
5846.63899  5714.188
5847.8389  5640.718
5849.03881  5730.022
5850.23872  5726.388
5851.43863  5702.885
5852.63854  5764.95
5853.83845  5807.129
5855.03836  5805.925
5856.23827  5861.536
5857.43818  5815.22
5858.63809  5826.929
5859.838  5763.591
5861.03791  5817.492
5862.23782  5846.357
5863.43773  5698.861
5864.63764  5724.523
5865.83755  5856.916
5867.03746  5992.165
5868.23737  5893.78
5869.43728  5778.562
5870.63719  5863.535
5871.8371  5899.05
5873.03701  5989.287
5874.23692  6010.15
5875.43683  5881.996
5876.63674  5873.721
5877.83665  5944.988
5879.03656  5930.64
5880.23647  5941.636
5881.43638  5985.687
5882.63629  5968.296
5883.8362  5890.926
5885.03611  5777.028
5886.23602  5716.514
5887.43593  5706.921
5888.63584  5726.881
5889.83575  5665.759
5891.03566  5656.766
5892.23557  5702.32
5893.43548  5637.025
5894.63539  5641.629
5895.8353  5655.017
5897.03521  5829.87
5898.23512  5792.098
5899.43503  6022.191
5900.63494  5979.314
5901.83485  5979.899
5903.03476  5984.556
5904.23467  6097.403
5905.43458  6093.896
5906.63449  6161.704
5907.8344  6164.844
5909.03431  5978.218
5910.23422  6054.767
5911.43413  5990.762
5912.63404  6100.431
5913.83395  6071.43
5915.03386  6193.896
5916.23377  5973.389
5917.43368  6102.671
5918.63359  6056.168
5919.8335  6066.924
5921.03341  6060.922
5922.23332  6123.369
5923.43323  6117.493
5924.63314  6075.324
5925.83305  6077.888
5927.03296  6106.39
5928.23287  6142.558
5929.43278  6067.306
5930.63269  6030.853
5931.8326  6131.012
5933.03251  6136.189
5934.23242  6026.313
5935.43233  6013.766
5936.63224  6081.47
5937.83215  6121.56
5939.03206  6077.913
5940.23197  6071.694
5941.43188  6119.809
5942.63179  5990.437
5943.8317  5946.838
5945.03161  6018.92
5946.23152  6057.3
5947.43143  6004.032
5948.63134  6042.752
5949.83125  6051.375
5951.03116  5963.919
5952.23107  5954.981
5953.43098  6009.812
5954.63089  6116.098
5955.8308  6005.818
5957.03071  6119.044
5958.23062  6092.166
5959.43053  6095.804
5960.63044  6217.198
5961.83035  6248.038
5963.03026  6043.938
5964.23017  6021.817
5965.43008  5984.257
5966.62999  6051.571
5967.8299  6067.038
5969.02981  6050.316
5970.22972  6013.554
5971.42963  6089.149
5972.62954  6139.934
5973.82945  6120.079
5975.02936  6131.102
5976.22927  6070.334
5977.42918  6052.547
5978.62909  6135.053
5979.829  6117.358
5981.02891  6071.751
5982.22882  6090.613
5983.42873  6138.308
5984.62864  6075.13
5985.82855  6041.568
5987.02846  6070.958
5988.22837  6095.584
5989.42828  6155.19
5990.62819  6128.576
5991.8281  6140.537
5993.02801  6194.158
5994.22792  6130.521
5995.42783  6077.55
5996.62774  6146.758
5997.82765  6150.949
5999.02756  6238.925
6000.22747  6150.645
6001.42738  6196.656
6002.62729  6248.176
6003.8272  6174.055
6005.02711  6105.952
6006.22702  5941.633
6007.42693  6108.399
6008.62684  6173.413
6009.82675  6127.457
6011.02666  6255.261
6012.22657  6077.022
6013.42648  6168.831
6014.62639  6181.16
6015.8263  6127.314
6017.02621  6109.146
6018.22612  6113.371
6019.42603  6169.258
6020.62594  6136.844
6021.82585  6169.974
6023.02576  6051.471
6024.22567  6133.631
6025.42558  6171.481
6026.62549  6248.236
6027.8254  6247.125
6029.02531  6236.775
6030.22522  6273.886
6031.42513  6220.738
6032.62504  6169.34
6033.82495  6152.317
6035.02486  6148.46
6036.22477  6200.777
6037.42468  6178.283
6038.62459  6119.897
6039.8245  6155.779
6041.02441  6173.289
6042.22432  6138.335
6043.42423  6093.028
6044.62414  6145.838
6045.82405  6137.192
6047.02396  6160.297
6048.22387  6174.459
6049.42378  6297.229
6050.62369  6275.528
6051.8236  6141.043
6053.02351  6106.225
6054.22342  6239.387
6055.42333  6270.547
6056.62324  6318.126
6057.82315  6190.438
6059.02306  6134.545
6060.22297  6191.118
6061.42288  6145.356
6062.62279  6097.517
6063.8227  6187.521
6065.02261  6196.555
6066.22252  6191.083
6067.42243  6054.344
6068.62234  6175.589
6069.82225  6153.185
6071.02216  6191.202
6072.22207  6136.125
6073.42198  6102.212
6074.62189  6091.898
6075.8218  6101.72
6077.02171  6076.625
6078.22162  6040.571
6079.42153  6113.949
6080.62144  6117.287
6081.82135  6080.204
6083.02126  6149.061
6084.22117  6136.473
6085.42108  6048.893
6086.62099  6038.469
6087.8209  6082.166
6089.02081  6128.098
6090.22072  6124.282
6091.42063  6087.995
6092.62054  6024.525
6093.82045  5971.07
6095.02036  6029.795
6096.22027  5989.863
6097.42018  5983.447
6098.62009  6100.576
6099.82  6111.808
6101.01991  6141.294
6102.21982  6091.966
6103.41973  6043.515
6104.61964  6111.518
6105.81955  5988.12
6107.01946  5977.951
6108.21937  6058.753
6109.41928  5986.484
6110.61919  6075.267
6111.8191  5941.895
6113.01901  6011.975
6114.21892  5910.063
6115.41883  5898.826
6116.61874  6011.59
6117.81865  6013.13
6119.01856  5987.189
6120.21847  6079.834
6121.41838  6038.796
6122.61829  6003.191
6123.8182  6025.431
6125.01811  5967.965
6126.21802  5972.42
6127.41793  5940.854
6128.61784  6015.508
6129.81775  6043.594
6131.01766  6038.606
6132.21757  6068.682
6133.41748  6000.886
6134.61739  5962.632
6135.8173  6017.574
6137.01721  6049.372
6138.21712  6024.552
6139.41703  5962.459
6140.61694  5967.341
6141.81685  5947.728
6143.01676  5940.482
6144.21667  5940.456
6145.41658  5903.998
6146.61649  5999.972
6147.8164  5932.296
6149.01631  5938.568
6150.21622  5936.945
6151.41613  5915.953
6152.61604  5769.998
6153.81595  5936.897
6155.01586  5996.952
6156.21577  5781.346
6157.41568  5996.254
6158.61559  5871.792
6159.8155  5973.786
6161.01541  5810.693
6162.21532  5923.521
6163.41523  6026.245
6164.61514  5945.497
6165.81505  5867.947
6167.01496  5751.347
6168.21487  5855.971
6169.41478  5807.685
6170.61469  5830.508
6171.8146  5816.426
6173.01451  5813.523
6174.21442  5912.494
6175.41433  5818.401
6176.61424  5782.572
6177.81415  5843.367
6179.01406  5864.848
6180.21397  5806.648
6181.41388  5720.969
6182.61379  5728.264
6183.8137  5756.555
6185.01361  5784.14
6186.21352  5856.687
6187.41343  5864.266
6188.61334  5864.001
6189.81325  5856.403
6191.01316  5794.291
6192.21307  5730.25
6193.41298  5825.611
6194.61289  5851.714
6195.8128  5851.973
6197.01271  5738.758
6198.21262  5821.907
6199.41253  5808.154
6200.61244  5781.501
6201.81235  5835.098
6203.01226  5813.362
6204.21217  5825.791
6205.41208  5823.354
6206.61199  5823.355
6207.8119  5888.463
6209.01181  5823.943
6210.21172  5800.207
6211.41163  5807.438
6212.61154  5707.705
6213.81145  5816.202
6215.01136  6118.353
6216.21127  6295.013
6217.41118  6035.756
6218.61109  5978.086
6219.811  5916.519
6221.01091  5744.28
6222.21082  5663.861
6223.41073  5695.085
6224.61064  5743.161
6225.81055  5790.897
6227.01046  5803.744
6228.21037  5761.98
6229.41028  5682.501
6230.61019  5650.529
6231.8101  5718.702
6233.01001  5711.875
6234.20992  5678.335
6235.40983  5650.042
6236.60974  5686.007
6237.80965  5670.76
6239.00956  5652.571
6240.20947  5674.37
6241.40938  5713.36
6242.60929  5661.934
6243.8092  5701.824
6245.00911  5624.551
6246.20902  5555.142
6247.40893  5641.319
6248.60884  5683.995
6249.80875  5753.689
6251.00866  5660.396
6252.20857  5706.703
6253.40848  5609.119
6254.60839  5512.808
6255.8083  5695.104
6257.00821  5574.673
6258.20812  5684.97
6259.40803  5587.412
6260.60794  5543.759
6261.80785  5587.249
6263.00776  5604.495
6264.20767  5555.603
6265.40758  5626.022
6266.60749  5639.121
6267.8074  5557.673
6269.00731  5632.494
6270.20722  5640.777
6271.40713  5570.313
6272.60704  5598.344
6273.80695  5606.277
6275.00686  5491.581
6276.20677  5298.696
6277.40668  5217.355
6278.60659  5246.526
6279.8065  5279.318
6281.00641  5319.312
6282.20632  5348.546
6283.40623  5336.316
6284.60614  5447.269
6285.80605  5534.938
6287.00596  5607.7
6288.20587  5480.962
6289.40578  5430.615
6290.60569  5434.951
6291.8056  5399.491
6293.00551  5541.376
6294.20542  5455.771
6295.40533  5511.136
6296.60524  5450.659
6297.80515  5448.637
6299.00506  5382.111
6300.20497  5605.007
6301.40488  5665.957
6302.60479  5486.032
6303.8047  5530.135
6305.00461  5507.614
6306.20452  5483.228
6307.40443  5480.309
6308.60434  5540.327
6309.80425  5547.657
6311.00416  5554.365
6312.20407  5639.73
6313.40398  5657.703
6314.60389  5576.443
6315.8038  5531.484
6317.00371  5540.221
6318.20362  5511.176
6319.40353  5513.608
6320.60344  5616.843
6321.80335  5615.48
6323.00326  5601.44
6324.20317  5673.359
6325.40308  5661.687
6326.60299  5628.421
6327.8029  5602.15
6329.00281  5734.752
6330.20272  5543.089
6331.40263  5556.916
6332.60254  5666.743
6333.80245  5591.571
6335.00236  5841.453
6336.20227  5919.46
6337.40218  5830.37
6338.60209  5665.907
6339.802  5457.6
6341.00191  5478.579
6342.20182  5571.881
6343.40173  5440.533
6344.60164  5562.869
6345.80155  5447.653
6347.00146  5368.361
6348.20137  5418.667
6349.40128  5532.572
6350.60119  5534.635
6351.8011  5480.756
6353.00101  5478.21
6354.20092  5451.286
6355.40083  5483.809
6356.60074  5486.753
6357.80065  5495.733
6359.00056  5512.281
6360.20047  5458.861
6361.40038  5435.704
6362.60029  5496.707
6363.8002  5515.471
6365.00011  5470.265
6366.20002  5413.385
6367.39993  5390.196
6368.59984  5398.552
6369.79975  5440.623
6370.99966  5463.582
6372.19957  5372.359
6373.39948  5485.074
6374.59939  5624.231
6375.7993  5458.429
6376.99921  5417.045
6378.19912  5332.286
6379.39903  5405.21
6380.59894  5485.989
6381.79885  5356.25
6382.99876  5343.854
6384.19867  5497.071
6385.39858  5493.995
6386.59849  5457.464
6387.7984  5438.102
6388.99831  5406.86
6390.19822  5412.927
6391.39813  5483.956
6392.59804  5474.951
6393.79795  5502.87
6394.99786  5486.464
6396.19777  5387.445
6397.39768  5427.921
6398.59759  5411.481
6399.7975  5440.852
6400.99741  5496.654
6402.19732  5432.42
6403.39723  5369.926
6404.59714  5346.081
6405.79705  5381.453
6406.99696  5440.665
6408.19687  5442.589
6409.39678  5495.04
6410.59669  5485.075
6411.7966  5451.949
6412.99651  5379.891
6414.19642  5442.822
6415.39633  5534.168
6416.59624  5474.562
6417.79615  5390.346
6418.99606  5371.507
6420.19597  5227.07
6421.39588  5460.782
6422.59579  5402.954
6423.7957  5496.924
6424.99561  5385.683
6426.19552  5298.504
6427.39543  5383.939
6428.59534  5427.062
6429.79525  5411.195
6430.99516  5439.951
6432.19507  5479.481
6433.39498  5515.753
6434.59489  5504.386
6435.7948  5578.182
6436.99471  5558.645
6438.19462  5304.324
6439.39453  4820.768
6440.59444  5049.895
6441.79435  5432.327
6442.99426  5498.645
6444.19417  5466.318
6445.39408  5456.899
6446.59399  5476.26
6447.7939  5470.999
6448.99381  5442.146
6450.19372  5404.818
6451.39363  5494.07
6452.59354  5567.484
6453.79345  5484.068
6454.99336  5505.297
6456.19327  5507.178
6457.39318  5530.972
6458.59309  5450.624
6459.793  5494.23
6460.99291  5638.743
6462.19282  5555.525
6463.39273  5483.462
6464.59264  5555.615
6465.79255  5580.789
6466.99246  5526.096
6468.19237  5654.576
6469.39228  5599.988
6470.59219  5755.574
6471.7921  5680.058
6472.99201  5631.226
6474.19192  5593.507
6475.39183  5636.761
6476.59174  5665.246
6477.79165  5661.434
6478.99156  5652.041
6480.19147  5628.747
6481.39138  5594.373
6482.59129  5603.865
6483.7912  5595.679
6484.99111  5502.181
6486.19102  5439.902
6487.39093  5465.023
6488.59084  5446.836
6489.79075  5417.298
6490.99066  5421.857
6492.19057  5382.024
6493.39048  5427.245
6494.59039  5407.076
6495.7903  5217.701
6496.99021  5256.009
6498.19012  5279.792
6499.39003  5318.205
6500.58994  5265.05
6501.78985  5254.46
6502.98976  5367.228
6504.18967  5368.774
6505.38958  5245.01
6506.58949  5252.928
6507.7894  5363.473
6508.98931  5226.848
6510.18922  5185.489
6511.38913  5184.02
6512.58904  5197.023
6513.78895  5147.3
6514.98886  5245.063
6516.18877  5171.251
6517.38868  5157.886
6518.58859  5307.41
6519.7885  5226.078
6520.98841  5186.458
6522.18832  5337.542
6523.38823  5358.248
6524.58814  5278.464
6525.78805  5265.39
6526.98796  5287.844
6528.18787  5278.455
6529.38778  5242.295
6530.58769  5216.927
6531.7876  5161.426
6532.98751  5142.341
6534.18742  5212.526
6535.38733  5229.961
6536.58724  5283.621
6537.78715  5260.898
6538.98706  5218.726
6540.18697  5287.632
6541.38688  5180.206
6542.58679  5178.942
6543.7867  5270.367
6544.98661  5219.815
6546.18652  5286.549
6547.38643  5104.854
6548.58634  5090.614
6549.78625  5061.559
6550.98616  5158.634
6552.18607  5297.419
6553.38598  5318.005
6554.58589  5307.518
6555.7858  5331.152
6556.98571  5363.383
6558.18562  5357.722
6559.38553  5242.
6560.58544  5169.523
6561.78535  5174.772
6562.98526  5141.344
6564.18517  5104.485
6565.38508  5188.603
6566.58499  5158.793
6567.7849  5212.998
6568.98481  5153.227
6570.18472  5080.11
6571.38463  5161.151
6572.58454  5162.39
6573.78445  5185.157
6574.98436  5225.963
6576.18427  5139.298
6577.38418  5166.565
6578.58409  5163.488
6579.784  5201.59
6580.98391  5239.115
6582.18382  5155.919
6583.38373  5069.158
6584.58364  5105.722
6585.78355  5085.921
6586.98346  5202.583
6588.18337  5179.966
6589.38328  5142.408
6590.58319  5136.163
6591.7831  5132.475
6592.98301  5146.539
6594.18292  5038.978
6595.38283  5126.372
6596.58274  5080.277
6597.78265  5175.704
6598.98256  5127.11
6600.18247  5089.412
6601.38238  5129.969
6602.58229  5218.89
6603.7822  5255.026
6604.98211  5209.744
6606.18202  5112.563
6607.38193000001  5077.079
6608.58184  5135.373
6609.78175  5097.243
6610.98166  5021.582
6612.18157  4962.283
6613.38148  4975.568
6614.58139  5080.725
6615.7813  5078.547
6616.98121  5062.054
6618.18112  5115.024
6619.38103  5097.248
6620.58094  5104.978
6621.78085  5187.592
6622.98076  5157.959
6624.18067  5272.334
6625.38058  5252.698
6626.58049  5159.781
6627.7804  5101.606
6628.98031  5046.72
6630.18022  5015.763
6631.38013  5058.294
6632.58004  5098.357
6633.77995  5149.864
6634.97986  5112.529
6636.17977  5058.137
6637.37968  5089.924
6638.57959  5097.614
6639.7795  5070.548
6640.97941  5009.618
6642.17932  4998.646
6643.37923  4949.221
6644.57914  5002.704
6645.77905  5001.797
6646.97896  5034.282
6648.17887  4984.039
6649.37878  4964.553
6650.57869  4944.945
6651.7786  4949.904
6652.97851  4952.426
6654.17842  4918.426
6655.37833  4939.491
6656.57824  4985.994
6657.77815  5003.113
6658.97806  4945.401
6660.17797  4945.823
6661.37788  4972.717
6662.57779  5008.088
6663.7777  4954.91
6664.97761  5008.521
6666.17752  4890.356
6667.37743  4975.196
6668.57734  4838.366
6669.77725  5042.616
6670.97716000001  4938.897
6672.17707  4807.333
6673.37698  4968.515
6674.57689  5029.275
6675.7768  4949.264
6676.97671  5001.036
6678.17662  4982.339
6679.37653  4990.822
6680.57644  4794.497
6681.77635  4896.3
6682.97626  4948.226
6684.17617  4941.125
6685.37608  4968.324
6686.57599  4978.248
6687.7759  4925.583
6688.97581  4953.188
6690.17572  4964.495
6691.37563  4910.928
6692.57554  4872.464
6693.77545  4873.665
6694.97536  4858.747
6696.17527  4853.56
6697.37518  4922.742
6698.57509  4912.791
6699.775  4859.765
6700.97491  4968.667
6702.17482  5009.218
6703.37473  4903.126
6704.57464  4830.366
6705.77455  4765.06
6706.97446  4941.793
6708.17437  4967.057
6709.37428  4947.251
6710.57419  5043.777
6711.7741  4951.955
6712.97401  4923.013
6714.17392  4888.794
6715.37383  4989.017
6716.57374  4890.601
6717.77365  4943.803
6718.97356  4931.16
6720.17347  4842.366
6721.37338  4894.777
6722.57329  4846.166
6723.7732  4947.511
6724.97311  4938.78
6726.17302  4855.75
6727.37293  4889.768
6728.57284  4898.127
6729.77275  4891.144
6730.97266  4900.09
6732.17257  4892.659
6733.37248  4901.556
6734.57239  4897.226
6735.7723  4892.394
6736.97221  4914.905
6738.17212  4862.347
6739.37203  4833.895
6740.57194  4913.768
6741.77185  4861.537
6742.97176  4818.861
6744.17167  4930.415
6745.37158  4925.295
6746.57149  4890.515
6747.7714  4750.44
6748.97131  4778.763
6750.17122  4812.499
6751.37113000001  4944.079
6752.57104  4876.027
6753.77095  4834.49
6754.97086  4895.874
6756.17077  4856.141
6757.37068  4870.026
6758.57059  4996.993
6759.7705  4951.175
6760.97041  4952.787
6762.17032  4870.479
6763.37023  4843.725
6764.57014  4834.925
6765.77005  4841.523
6766.96996  4944.605
6768.16987  4947.023
6769.36978  4900.785
6770.56969  4892.998
6771.7696  4870.678
6772.96951  4822.24
6774.16942  4836.568
6775.36933  4846.961
6776.56924  4842.935
6777.76915  4870.42
6778.96906  4831.649
6780.16897  4819.886
6781.36888  4782.66
6782.56879  4834.723
6783.7687  4754.52
6784.96861  4764.181
6786.16852  4798.413
6787.36843  4735.077
6788.56834  4767.664
6789.76825  4772.324
6790.96816  4857.857
6792.16807  4786.607
6793.36798  4824.796
6794.56789  4716.413
6795.7678  4806.353
6796.96771  4880.729
6798.16762  4845.831
6799.36753  4756.363
6800.56744  4797.428
6801.76735  4863.743
6802.96726  4762.461
6804.16717  4748.36
6805.36708  4689.541
6806.56699  4734.281
6807.7669  4763.826
6808.96681  4674.525
6810.16672  4688.678
6811.36663  4784.72
6812.56654  4756.13
6813.76645  4741.902
6814.96636  4711.396
6816.16627  4651.458
6817.36618  4716.91
6818.56609  4768.903
6819.766  4765.191
6820.96591  4696.312
6822.16582  4704.145
6823.36573  4785.572
6824.56564  4780.995
6825.76555  4734.484
6826.96546  4708.511
6828.16537  4665.211
6829.36528  4762.322
6830.56519  4628.607
6831.7651  4819.765
6832.96501  4726.005
6834.16492  4652.15
6835.36483  4778.286
6836.56474  4634.231
6837.76465  4681.433
6838.96456  4606.588
6840.16447  4639.029
6841.36438  4786.321
6842.56429  4715.657
6843.7642  4695.915
6844.96411  4743.482
6846.16402  4622.872
6847.36393  4557.983
6848.56384  4652.379
6849.76375  4684.86
6850.96366  4693.783
6852.16357  4714.593
6853.36348  4665.956
6854.56339  4665.635
6855.7633  4698.306
6856.96321  4596.847
6858.16312  4562.341
6859.36303  4658.914
6860.56294  4648.524
6861.76285  4697.364
6862.96276  4642.086
6864.16267  4615.033
6865.36258  4629.386
6866.56249  4703.227
6867.7624  4869.81
6868.96231  4597.648
6870.16222  4771.387
6871.36213  4954.723
6872.56204  4835.695
6873.76195  4555.347
6874.96186  4767.069
6876.16177  4756.043
6877.36168  4598.751
6878.56159  4563.806
6879.7615  4529.672
6880.96141  4563.326
6882.16132  4603.073
6883.36123  4587.507
6884.56114  4734.453
6885.76105  4840.776
6886.96096  4914.583
6888.16087  4937.935
6889.36078  5066.039
6890.56069  5064.378
6891.7606  4936.902
6892.96051  4927.904
6894.16042  4860.575
6895.36033  4736.696
6896.56024  4634.937
6897.76015  4576.411
6898.96006  4596.163
6900.15997  4462.418
6901.35988  4468.9
6902.55979  4530.578
6903.7597  4511.52
6904.95961  4467.976
6906.15952  4461.916
6907.35943  4361.549
6908.55934  4532.39
6909.75925  4684.416
6910.95916  4473.792
6912.15907  4426.933
6913.35898  4407.433
6914.55889  4419.15
6915.7588  4543.91
6916.95871  4479.729
6918.15862  4439.865
6919.35853  4440.051
6920.55844  4434.522
6921.75835  4283.779
6922.95826  4317.378
6924.15817  4320.249
6925.35808  4394.851
6926.55799  4333.32
6927.7579  4406.691
6928.95781  4441.564
6930.15772  4439.373
6931.35763  4390.553
6932.55754  4308.387
6933.75745  4333.767
6934.95736  4368.774
6936.15727  4382.776
6937.35718  4382.121
6938.55709  4294.693
6939.757  4313.156
6940.95691  4293.979
6942.15682  4276.441
6943.35673  4392.5
6944.55664  4372.941
6945.75655  4316.188
6946.95646  4226.445
6948.15637  4301.417
6949.35628  4372.06
6950.55619  4405.402
6951.7561  4331.801
6952.95601  4438.35
6954.15592  4324.78
6955.35583  4280.478
6956.55574  4326.318
6957.75565  4299.84
6958.95556  4289.213
6960.15547  4313.96
6961.35538  4362.338
6962.55529  4394.385
6963.7552  4347.433
6964.95511  4328.826
6966.15502  4345.993
6967.35493  4396.267
6968.55484000001  4308.647
6969.75475  4275.431
6970.95466  4345.364
6972.15457  4310.69
6973.35448  4295.632
6974.55439  4376.351
6975.7543  4397.56
6976.95421  4373.194
6978.15412  4375.131
6979.35403  4398.984
6980.55394  4427.62
6981.75385  4329.788
6982.95376  4307.585
6984.15367  4345.216
6985.35358  4316.05
6986.55349  4257.477
6987.7534  4311.183
6988.95331  4185.811
6990.15322  4218.52
6991.35313  4315.331
6992.55304000001  4341.352
6993.75295  4248.589
6994.95286  4179.215
6996.15277  4333.762
6997.35268  4280.08
6998.55259  4274.434
6999.7525  4279.26
7000.95241  4228.518
7002.15232  4237.204
7003.35223  4266.26
7004.55214  4156.181
7005.75205  4191.047
7006.95196  4209.157
7008.15187  4232.146
7009.35178  4250.997
7010.55169  4246.863
7011.7516  4268.43
7012.95151  4216.862
7014.15142  4182.736
7015.35133  4225.375
7016.55124  4210.359
7017.75115  4173.457
7018.95106  4183.733
7020.15097  4247.454
7021.35088  4300.371
7022.55079  4254.129
7023.7507  4319.614
7024.95061  4232.601
7026.15052  4191.037
7027.35043  4203.94
7028.55034  4218.372
7029.75025  4218.199
7030.95016  4137.238
7032.15007  4158.293
7033.34998  4255.736
7034.54989  4137.39
7035.7498  4080.464
7036.94971  4183.898
7038.14962  4127.313
7039.34953  4179.543
7040.54944  4197.628
7041.74935  4310.678
7042.94926  4296.69
7044.14917  4302.692
7045.34908  4442.404
7046.54899  4426.53
7047.7489  4496.014
7048.94881  4542.771
7050.14872  4494.576
7051.34863  4495.929
7052.54854  4505.335
7053.74845  4485.559
7054.94836  4380.545
7056.14827  4266.639
7057.34818  4278.268
7058.54809  4255.999
7059.748  4186.122
7060.94791  4185.309
7062.14782  4128.742
7063.34773  4074.954
7064.54764  4158.985
7065.74755  4134.63
7066.94746  4125.419
7068.14737  4041.431
7069.34728  4044.241
7070.54719  4011.323
7071.7471  4086.974
7072.94701000001  4099.947
7074.14692  4052.522
7075.34683  4139.695
7076.54674  4097.734
7077.74665  4099.406
7078.94656  4057.333
7080.14647  4074.753
7081.34638  4053.575
7082.54629  4101.698
7083.7462  4141.946
7084.94611  4076.999
7086.14602  4025.501
7087.34593  4095.581
7088.54584  4108.572
7089.74575  4132.326
7090.94566  4149.713
7092.14557  4106.619
7093.34548  4065.233
7094.54539  4102.918
7095.7453  4099.692
7096.94521  4034.847
7098.14512  4066.656
7099.34503  4096.163
7100.54494  4081.133
7101.74485  4090.491
7102.94476  4091.031
7104.14467  4076.697
7105.34458  3999.848
7106.54449  3975.352
7107.74440000001  4070.76
7108.94431  4000.93
7110.14422  4009.483
7111.34413  3903.83
7112.54404  3931.615
7113.74395  3962.304
7114.94386  4018.393
7116.14377  4084.856
7117.34368  3921.896
7118.54359  3962.398
7119.7435  3893.494
7120.94341000001  3950.766
7122.14332  3985.427
7123.34323  3914.352
7124.54314  3986.428
7125.74305  3987.592
7126.94296  3912.648
7128.14287  3969.673
7129.34278  3902.49
7130.54269  3794.9
7131.7426  3859.188
7132.94251  3916.174
7134.14242  3873.97
7135.34233  3889.464
7136.54224  3881.996
7137.74215  3832.569
7138.94206  3849.822
7140.14197  3805.582
7141.34188  3780.451
7142.54179  3840.659
7143.7417  3856.492
7144.94161  3910.513
7146.14152  3906.952
7147.34143  3858.138
7148.54134  3729.406
7149.74125  3800.19
7150.94116  3871.826
7152.14107  3823.659
7153.34098  3834.055
7154.54089  3817.947
7155.7408  3839.474
7156.94071  3791.932
7158.14062  3782.843
7159.34053  3761.824
7160.54044  3765.499
7161.74035  3769.354
7162.94026  3734.273
7164.14017  3655.437
7165.34008  3696.237
7166.53999  3646.457
7167.7399  3620.38
7168.93981  3606.252
7170.13972  3572.21
7171.33963  3514.699
7172.53954000001  3497.357
7173.73945  3483.977
7174.93936  3474.076
7176.13927  3521.363
7177.33918  3582.984
7178.53909  3587.117
7179.739  3553.441
7180.93891  3507.58
7182.13882  3425.69
7183.33873  3387.61
7184.53864  3361.965
7185.73855  3341.816
7186.93846  3357.467
7188.13837000001  3439.026
7189.33828  3457.342
7190.53819  3439.471
7191.7381  3388.364
7192.93801  3343.828
7194.13792  3282.554
7195.33783  3490.846
7196.53774  3447.559
7197.73765  3289.031
7198.93756  3305.795
7200.13747  3396.544
7201.33738  3315.491
7202.53729  3272.585
7203.7372  3373.087
7204.93711  3278.897
7206.13702  3309.557
7207.33693  3403.162
7208.53684  3436.656
7209.73675  3544.641
7210.93666  3567.715
7212.13657  3548.745
7213.33648  3548.895
7214.53639  3540.924
7215.7363  3559.981
7216.93621  3554.926
7218.13612  3529.435
7219.33603  3542.885
7220.53594  3529.052
7221.73585  3504.448
7222.93576  3481.978
7224.13567  3424.057
7225.33558  3405.712
7226.53549  3365.779
7227.7354  3427.863
7228.93531  3439.312
7230.13522  3445.195
7231.33513  3315.221
7232.53504  3233.13
7233.73495  3263.785
7234.93486  3307.778
7236.13477000001  3391.864
7237.33468  3439.475
7238.53459  3403.159
7239.7345  3320.287
7240.93441  3502.304
7242.13432  3365.293
7243.33423  3288.832
7244.53414  3413.809
7245.73405  3501.656
7246.93396  3389.353
7248.13387  3387.946
7249.33378  3368.418
7250.53369  3247.046
7251.7336  3165.527
7252.93351  3196.323
7254.13342  3230.044
7255.33333  3323.511
7256.53324  3411.267
7257.73315  3385.919
7258.93306  3382.102
7260.13297  3365.53
7261.33288  3311.968
7262.53279  3317.785
7263.7327  3246.669
7264.93261  3232.139
7266.13252  3266.456
7267.33243  3304.537
7268.53234000001  3313.599
7269.73225  3285.406
7270.93216  3319.942
7272.13207  3303.
7273.33198  3257.165
7274.53189  3206.696
7275.7318  3132.11
7276.93171  3310.982
7278.13162  3215.114
7279.33153  3330.936
7280.53144  3436.501
7281.73135  3372.839
7282.93126  3502.86
7284.13117  3392.45
7285.33108  3375.586
7286.53099  3266.633
7287.73090000001  3278.734
7288.93081  3261.143
7290.13072  3169.886
7291.33063  3111.117
7292.53054  3235.529
7293.73045  3258.886
7294.93036  3301.806
7296.13027  3326.746
7297.33018  3302.243
7298.53009  3292.334
7299.73  3264.25
7300.92991  3254.257
7302.12982  3292.183
7303.32973  3324.014
7304.52964  3300.285
7305.72955  3318.537
7306.92946  3317.113
7308.12937  3320.724
7309.32928  3438.224
7310.52919  3452.008
7311.7291  3488.16
7312.92901  3496.052
7314.12892  3441.085
7315.32883  3536.779
7316.52874000001  3587.666
7317.72865  3630.002
7318.92856  3542.714
7320.12847  3454.719
7321.32838  3586.177
7322.52829  3576.462
7323.7282  3500.491
7324.92811  3475.18
7326.12802  3444.047
7327.32793000001  3323.65
7328.52784  3315.49
7329.72775  3337.71
7330.92766  3363.817
7332.12757  3334.584
7333.32748  3334.642
7334.52739  3348.107
7335.7273  3362.098
7336.92721  3399.24
7338.12712  3422.18
7339.32703  3405.739
7340.52694  3389.8
7341.72685  3328.448
7342.92676  3304.024
7344.12667  3289.927
7345.32658  3204.623
7346.52649  3187.699
7347.7264  3245.363
7348.92631000001  3239.393
7350.12622  3261.443
7351.32613  3272.006
7352.52604  3315.897
7353.72595  3335.966
7354.92586  3234.713
7356.12577  3411.168
7357.32568  3248.897
7358.52559  3260.058
7359.7255  3276.972
7360.92541  3328.844
7362.12532  3272.345
7363.32523  3207.976
7364.52514  3200.567
7365.72505  3193.404
7366.92496  3039.961
7368.12487000001  3156.086
7369.32478  3185.77
7370.52469  3161.06
7371.7246  3172.519
7372.92451  3160.052
7374.12442  3113.959
7375.32433  3118.99
7376.52424  3211.076
7377.72415  3206.72
7378.92406  3150.283
7380.12397  3079.49
7381.32388  3052.023
7382.52379  3063.492
7383.7237  3080.698
7384.92361  3096.965
7386.12352  3140.327
7387.32343  3167.51
7388.52334  3076.695
7389.72325  3105.905
7390.92316  3112.846
7392.12307  3043.295
7393.32298  3016.865
7394.52289  3085.454
7395.7228  3228.444
7396.92271  3205.599
7398.12262  3162.083
7399.32253  3125.181
7400.52244  3103.124
7401.72235  3111.175
7402.92226  3126.889
7404.12217  3044.859
7405.32208  3067.71
7406.52199  3072.997
7407.7219  3085.701
7408.92181  3010.096
7410.12172  3051.566
7411.32163  3031.374
7412.52154  3081.277
7413.72145  3066.822
7414.92136  3120.731
7416.12127  3072.604
7417.32118  3026.442
7418.52109  3030.233
7419.721  2995.118
7420.92091  3016.093
7422.12082  3043.031
7423.32073  3074.298
7424.52064  3118.717
7425.72055  3082.28
7426.92046  3009.207
7428.12037  2990.975
7429.32028000001  2996.647
7430.52019  2979.501
7431.7201  2987.425
7432.92001  3019.594
7434.11992  3004.224
7435.31983  2942.627
7436.51974  2907.102
7437.71965  2972.121
7438.91956  2989.144
7440.11947  2956.784
7441.31938  2959.876
7442.51929  3027.185
7443.7192  3041.835
7444.91911  2984.717
7446.11902  2937.873
7447.31893  2975.281
7448.51884  2974.977
7449.71875  2885.508
7450.91866  3000.101
7452.11857  2963.696
7453.31848  2920.871
7454.51839  2921.797
7455.7183  2921.571
7456.91821  2927.787
7458.11812  2958.194
7459.31803  2880.815
7460.51794  2932.03
7461.71785  2932.942
7462.91776  2975.752
7464.11767  2978.946
7465.31758  2889.724
7466.51749  2889.091
7467.7174  2908.458
7468.91731  2895.21
7470.11722  2887.405
7471.31713  2878.183
7472.51704  2904.407
7473.71695  2961.059
7474.91686  2984.002
7476.11677  2889.725
7477.31668  2942.221
7478.51659  2790.082
7479.7165  2859.735
7480.91641  2866.642
7482.11632  2897.492
7483.31623  2905.958
7484.51614  2928.283
7485.71605  2997.044
7486.91596  2923.839
7488.11587  2855.542
7489.31578  2901.137
7490.51569  2828.625
7491.7156  2884.543
7492.91551  2775.384
7494.11542000001  2878.169
7495.31533  2885.438
7496.51524  2859.739
7497.71515  2822.565
7498.91506  2944.403
7500.11497  2839.824
7501.31488  2931.688
7502.51479  2903.645
7503.7147  2844.563
7504.91461  2844.046
7506.11452  2870.351
7507.31443  2909.658
7508.51434  2870.358
7509.71425000001  2822.623
7510.91416  2803.965
7512.11407  2808.04
7513.31398  2832.156
7514.51389  2848.41
7515.7138  2863.649
7516.91371  2811.286
7518.11362  2734.535
7519.31353  2769.086
7520.51344  2763.498
7521.71335  2713.177
7522.91326  2688.831
7524.11317  2725.677
7525.31308  2779.134
7526.51299  2679.68
7527.7129  2609.36
7528.91281  2596.799
7530.11272  2610.979
7531.31263  2774.431
7532.51254  2762.888
7533.71245000001  2530.575
7534.91236  2714.046
7536.11227  2617.952
7537.31218  2690.772
7538.51209  2695.302
7539.712  2622.729
7540.91191  2620.554
7542.11182  2644.028
7543.31173  2514.347
7544.51164  2614.672
7545.71155  2577.916
7546.91146  2644.501
7548.11137  2667.519
7549.31128  2643.338
7550.51119  2622.838
7551.7111  2639.629
7552.91101  2681.432
7554.11092  2719.259
7555.31083  2684.917
7556.51074  2642.265
7557.71065000001  2622.163
7558.91056  2588.921
7560.11047  2611.871
7561.31038  2640.307
7562.51029  2643.623
7563.7102  2676.972
7564.91011  2663.02
7566.11002  2652.381
7567.30993  2668.185
7568.50984  2774.176
7569.70975  2703.158
7570.90966  2588.467
7572.10957  2587.314
7573.30948  2687.614
7574.50939  2598.447
7575.7093  2671.766
7576.90921  2589.248
7578.10912  2626.888
7579.30903  2534.021
7580.50894  2566.542
7581.70885  2513.679
7582.90876  2628.256
7584.10867  2669.01
7585.30858  2737.219
7586.50849  2750.97
7587.7084  2725.404
7588.90831  2732.223
7590.10822000001  2771.432
7591.30813  2874.629
7592.50804  2901.817
7593.70795  2944.59
7594.90786  2857.784
7596.10777  2844.922
7597.30768  2721.934
7598.50759  2650.6
7599.7075  2832.458
7600.90741  2881.844
7602.10732  2756.523
7603.30723  2806.465
7604.50714  2818.531
7605.70705  2788.364
7606.90696  2793.605
7608.10687  2606.795
7609.30678000001  2750.741
7610.50669  2808.039
7611.7066  2633.687
7612.90651  2488.639
7614.10642  2462.631
7615.30633  2507.517
7616.50624  2434.095
7617.70615  2498.243
7618.90606  2446.969
7620.10597  2500.647
7621.30588  2625.21
7622.50579  2572.46
7623.7057  2556.134
7624.90561  2581.502
7626.10552  2459.14
7627.30543  2539.121
7628.50534  2598.572
7629.70525  2566.412
7630.90516  2524.264
7632.10507  2494.663
7633.30498  2478.823
7634.50489000001  2541.312
7635.7048  2516.62
7636.90471  2603.359
7638.10462000001  2591.196
7639.30453  2569.562
7640.50444  2531.502
7641.70435  2597.944
7642.90426  2553.085
7644.10417  2449.154
7645.30408  2500.452
7646.50399  2534.463
7647.7039  2478.381
7648.90381000001  2486.341
7650.10372  2518.164
7651.30363  2478.371
7652.50354  2446.365
7653.70345  2408.115
7654.90336  2291.927
7656.10327  2325.208
7657.30318  2478.811
7658.50309  2374.354
7659.703  2258.608
7660.90291  2447.68
7662.10282  2423.699
7663.30273  2395.369
7664.50264  2430.013
7665.70255  2452.371
7666.90246  2327.386
7668.10237  2347.473
7669.30228  2312.108
7670.50219000001  2448.266
7671.7021  2321.07
7672.90201000001  2384.799
7674.10192  2225.119
7675.30183  2357.796
7676.50174  2423.162
7677.70165  2382.915
7678.90156  2367.038
7680.10147  2360.646
7681.30138  2430.661
7682.50129  2440.391
7683.7012  2388.691
7684.90111  2449.804
7686.10102000001  2487.659
7687.30093  2426.413
7688.50084  2363.873
7689.70075000001  2372.039
7690.90066  2408.328
7692.10057  2444.351
7693.30048  2500.021
7694.50039  2518.565
7695.7003  2516.394
7696.90021  2520.361
7698.10012  2460.893
7699.30003  2374.227
7700.49994  2373.53
7701.69985  2444.318
7702.89976  2425.233
7704.09967  2482.968
7705.29958  2445.798
7706.49949  2338.191
7707.6994  2361.891
7708.89931  2352.342
7710.09922  2265.985
7711.29913  2417.353
7712.49904  2531.741
7713.69895  2460.027
7714.89886  2427.848
7716.09877  2256.479
7717.29868  2225.539
7718.49859000001  2319.871
7719.6985  2253.014
7720.89841  2263.065
7722.09832  2393.649
7723.29823  2136.227
7724.49814  2203.615
7725.69805  2137.123
7726.89796  2158.214
7728.09787  2244.764
7729.29778000001  2301.154
7730.49769  2341.241
7731.6976  2301.655
7732.89751  2274.107
7734.09742  2305.309
7735.29733  2229.889
7736.49724  2283.815
7737.69715000001  2304.093
7738.89706  2285.797
7740.09697  2301.989
7741.29688  2302.726
7742.49679  2296.313
7743.6967  2335.886
7744.89661  2385.299
7746.09652  2393.531
7747.29643  2365.068
7748.49634  2326.347
7749.69625  2357.154
7750.89616000001  2279.492
7752.09607  2345.052
7753.29598000001  2346.88
7754.49589  2319.165
7755.6958  2369.391
7756.89571  2401.669
7758.09562  2321.336
7759.29553  2340.704
7760.49544  2283.747
7761.69535  2265.57
7762.89526  2229.589
7764.09517  2367.865
7765.29508  2259.107
7766.49499  2246.718
7767.6949  2241.977
7768.89481  2269.343
7770.09472000001  2223.133
7771.29463  2094.395
7772.49454  2154.174
7773.69445  2089.698
7774.89436  2121.489
7776.09427  2152.422
7777.29418  2159.938
7778.49409  2158.716
7779.694  2191.332
7780.89391  2147.153
7782.09382  2078.887
7783.29373  2114.871
7784.49364  2101.621
7785.69355  2105.877
7786.89346  2188.107
7788.09337  2182.571
7789.29328000001  2157.108
7790.49319  2117.74
7791.6931  2072.685
7792.89301  2097.962
7794.09292  2152.115
7795.29283  2138.032
7796.49274  2138.961
7797.69265  2170.032
7798.89256  2126.537
7800.09247  2123.885
7801.29238000001  2081.836
7802.49229  2095.939
7803.6922  2124.826
7804.89211  2034.204
7806.09202  2042.23
7807.29193  2150.237
7808.49184  2196.693
7809.69175  2164.787
7810.89166000001  2068.946
7812.09157  2064.912
7813.29148  2072.032
7814.49139  2014.359
7815.6913  2060.57
7816.89121  2091.357
7818.09112  2001.535
7819.29103  2000.97
7820.49094  2102.493
7821.69085  2085.949
7822.89076  2097.223
7824.09067  2094.242
7825.29058  2017.264
7826.49049  2057.74
7827.6904  2008.865
7828.89031  2033.271
7830.09022  2087.876
7831.29013  2038.597
7832.49004  2040.582
7833.68995000001  2026.31
7834.88986  2030.466
7836.08977  2098.958
7837.28968  2086.861
7838.48959  2019.667
7839.6895  2018.476
7840.88941  2010.562
7842.08932  1946.629
7843.28923  1939.715
7844.48914  1948.192
7845.68905  1954.25
7846.88896  1964.379
7848.08887  1962.566
7849.28878  1974.53
7850.48869  1904.428
7851.6886  1886.021
7852.88851000001  1970.331
7854.08842  1997.563
7855.28833000001  1977.254
7856.48824  1939.518
7857.68815  1927.937
7858.88806  1900.324
7860.08797  1899.126
7861.28788  1914.784
7862.48779  1935.445
7863.6877  2046.826
7864.88761  1968.534
7866.08752  1963.134
7867.28743  2018.623
7868.48734  1982.796
7869.68725  2008.174
7870.88716  1893.179
7872.08707  1992.563
7873.28698  2008.021
7874.48689  1983.424
7875.6868  1903.
7876.88671  1935.714
7878.08662  1830.759
7879.28653000001  1850.654
7880.48644  1905.632
7881.68635000001  1917.911
7882.88626  1957.91
7884.08617  1928.706
7885.28608  1895.781
7886.48599  1906.876
7887.6859  1937.819
7888.88581  1922.543
7890.08572  1916.566
7891.28563000001  1978.199
7892.48554000001  1962.582
7893.68545  1923.155
7894.88536  1929.113
7896.08527  1967.535
7897.28518  1942.354
7898.48509  1876.653
7899.685  1887.203
7900.88491  1906.71
7902.08482  1891.829
7903.28473  1846.664
7904.48464  1840.314
7905.68455  1864.734
7906.88446  1885.439
7908.08437  1865.587
7909.28428  1873.426
7910.48419  1784.134
7911.6841  1709.039
7912.88401  1795.661
7914.08392000001  1821.788
7915.28383  1738.248
7916.48374  1846.969
7917.68365  1850.277
7918.88356  1637.26
7920.08347  1658.578
7921.28338  1784.007
7922.48329  1695.626
7923.6832  1806.538
7924.88311  1778.749
7926.08302  1840.357
7927.28293  1700.696
7928.48284  1787.725
7929.68275  1718.12
7930.88266000001  1800.332
7932.08257  1828.944
7933.28248000001  1840.426
7934.48239  1785.695
7935.6823  1746.917
7936.88221  1805.726
7938.08212  1825.219
7939.28203  1790.219
7940.48194  1797.072
7941.68185  1835.053
7942.88176  1802.321
7944.08167  1738.27
7945.28158  1774.398
7946.48149  1835.723
7947.6814  1860.543
7948.88131  1888.225
7950.08122  1867.65
7951.28113  1817.402
7952.48104  1798.822
7953.68095  1837.062
7954.88086  1867.566
7956.08077  1826.849
7957.28068  1832.358
7958.48059  1844.131
7959.6805  1797.721
7960.88041  1838.823
7962.08032  1801.725
7963.28023  1771.751
7964.48014  1781.703
7965.68005  1830.162
7966.87996  1829.751
7968.07987  1790.553
7969.27978  1728.397
7970.47969000001  1779.795
7971.67960000001  1821.311
7972.87951  1773.035
7974.07942  1786.998
7975.27933  1862.277
7976.47924  1757.481
7977.67915  1749.248
7978.87906  1753.413
7980.07897  1682.809
7981.27888  1717.598
7982.47879  1682.638
7983.6787  1678.927
7984.87861  1712.172
7986.07852  1721.702
7987.27843  1718.326
7988.47834  1758.807
7989.67825  1706.986
7990.87816  1650.897
7992.07807  1718.22
7993.27798  1663.117
7994.47789000001  1685.573
7995.67780000001  1676.496
7996.87771  1735.285
7998.07762  1704.441
7999.27753  1668.597
8000.47744  1680.447
8001.67735  1706.767
8002.87726  1685.638
8004.07717  1688.388
8005.27708  1711.734
8006.47699  1742.291
8007.6769  1721.935
8008.87681  1678.88
8010.07672000001  1703.446
8011.27663000001  1736.09
8012.47654  1764.324
8013.67645  1777.525
8014.87636  1754.916
8016.07627  1747.44
8017.27618  1744.016
8018.47609  1694.362
8019.67600000001  1721.172
8020.87591000001  1805.889
8022.07582  1702.265
8023.27573  1640.98
8024.47564  1614.578
8025.67555  1614.629
8026.87546  1547.286
8028.07537  1613.903
8029.27528  1700.527
8030.47519  1727.776
8031.6751  1731.265
8032.87501  1714.685
8034.07492  1672.043
8035.27483  1681.188
8036.47474  1676.496
8037.67465  1708.561
8038.87456  1732.145
8040.07447  1699.536
8041.27438  1646.484
8042.47429000001  1703.813
8043.6742  1651.66
8044.87411  1724.388
8046.07402  1715.072
8047.27393  1648.876
8048.47384  1703.332
8049.67375  1705.423
8050.87366  1801.907
8052.07357  1757.388
8053.27348000001  1672.179
8054.47339  1669.409
8055.6733  1714.045
8056.87321  1727.429
8058.07312  1798.602
8059.27303  1794.305
8060.47294  1733.676
8061.67285000001  1704.331
8062.87276  1699.883
8064.07267  1694.964
8065.27258  1676.696
8066.47249  1670.424
8067.6724  1657.031
8068.87231  1678.391
8070.07222  1679.416
8071.27213000001  1678.161
8072.47204000001  1723.923
8073.67195  1721.517
8074.87186000001  1718.315
8076.07177  1619.578
8077.27168  1674.095
8078.47159  1741.254
8079.6715  1714.324
8080.87141  1640.886
8082.07132  1728.358
8083.27123  1661.166
8084.47114  1672.84
8085.67105  1699.664
8086.87096  1701.156
8088.07087000001  1663.571
8089.27078  1709.762
8090.47069  1690.636
8091.6706  1704.573
8092.87051  1690.4
8094.07042000001  1697.885
8095.27033  1727.961
8096.47024  1703.498
8097.67015  1677.833
8098.87006000001  1753.724
8100.06997  1659.107
8101.26988  1713.106
8102.46979  1691.184
8103.6697  1637.233
8104.86961  1727.362
8106.06952  1686.428
8107.26943  1649.907
8108.46934  1665.505
8109.66925000001  1685.307
8110.86916  1656.071
8112.06907  1652.668
8113.26898000001  1681.319
8114.46889  1625.663
8115.66880000001  1661.587
8116.86871  1673.172
8118.06862  1676.838
8119.26853  1699.209
8120.46844  1649.168
8121.66835  1631.403
8122.86826000001  1585.735
8124.06817000001  1599.817
8125.26808  1645.978
8126.46799  1687.221
8127.6679  1677.562
8128.86781000001  1672.152
8130.06772  1643.751
8131.26763000001  1568.588
8132.46754  1530.769
8133.66745  1527.933
8134.86736  1551.963
8136.06727  1576.711
8137.26718  1580.594
8138.46709  1578.599
8139.66700000001  1580.397
8140.86691  1565.64
8142.06682  1569.498
8143.26673  1563.539
8144.46664  1557.374
8145.66655  1605.15
8146.86646  1551.833
8148.06637  1549.324
8149.26628  1582.225
8150.46619000001  1487.613
8151.6661  1554.431
8152.86601  1499.614
8154.06592  1538.512
8155.26583000001  1571.762
8156.46574  1516.011
8157.66565  1565.026
8158.86556  1570.188
8160.06547  1525.827
8161.26538  1471.655
8162.46529  1463.559
8163.6652  1414.328
8164.86511  1459.939
8166.06502  1439.747
8167.26493  1508.646
8168.46484  1533.32
8169.66475  1546.146
8170.86466  1572.496
8172.06457000001  1583.339
8173.26448  1594.854
8174.46439000001  1647.967
8175.66430000001  1491.135
8176.86421  1452.382
8178.06412  1467.504
8179.26403  1464.187
8180.46394  1464.899
8181.66385  1485.157
8182.86376  1560.152
8184.06367  1601.64
8185.26358  1620.484
8186.46349  1560.641
8187.6634  1504.411
8188.86331  1502.831
8190.06322000001  1515.715
8191.26313000001  1544.541
8192.46304  1575.457
8193.66295  1612.253
8194.86286  1581.241
8196.06277  1584.235
8197.26268  1615.141
8198.46259  1572.362
8199.66250000001  1555.85
8200.86241  1574.558
8202.06232000001  1624.752
8203.26223  1697.7
8204.46214  1688.783
8205.66205  1669.026
8206.86196  1661.282
8208.06187  1659.389
8209.26178  1713.789
8210.46169  1724.685
8211.6616  1656.662
8212.86151000001  1637.865
8214.06142  1653.57
8215.26133  1656.843
8216.46124000001  1666.643
8217.66115  1646.73
8218.86106  1600.956
8220.06097  1550.113
8221.26088  1498.72
8222.46079  1531.309
8223.6607  1502.169
8224.86061  1389.57
8226.06052000001  1331.715
8227.26043000001  1337.588
8228.46034  1314.589
8229.66025  1308.136
8230.86016  1350.855
8232.06007  1373.792
8233.25998000001  1492.117
8234.45989  1468.988
8235.6598  1518.97
8236.85971  1591.296
8238.05962000001  1523.988
8239.25953  1472.172
8240.45944  1541.508
8241.65935  1533.598
8242.85926  1472.674
8244.05917  1551.938
8245.25908  1479.627
8246.45899  1550.236
8247.6589  1568.712
8248.85881000001  1544.71
8250.05872  1515.652
8251.25863000001  1516.915
8252.45854  1430.525
8253.65845000001  1498.571
8254.85836  1448.91
8256.05827  1395.324
8257.25818  1411.88
8258.45809  1416.631
8259.658  1401.68
8260.85791  1473.317
8262.05782  1502.06
8263.25773  1491.555
8264.45764  1507.919
8265.65755  1524.925
8266.85746  1499.622
8268.05737000001  1517.665
8269.25728  1523.921
8270.45719000001  1511.951
8271.6571  1499.059
8272.85701  1434.191
8274.05692000001  1416.483
8275.25683  1415.503
8276.45674  1415.685
8277.65665000001  1497.327
8278.85656000001  1449.554
8280.05647  1387.107
8281.25638000001  1444.839
8282.45629  1379.437
8283.6562  1425.664
8284.85611  1477.249
8286.05602  1367.566
8287.25593  1405.7
8288.45584  1397.685
8289.65575000001  1364.704
8290.85566  1389.704
8292.05557000001  1422.037
8293.25548  1362.591
8294.45539000001  1327.153
8295.6553  1423.166
8296.85521  1444.974
8298.05512  1405.386
8299.25503  1383.568
8300.45494  1344.464
8301.65485  1392.865
8302.85476000001  1309.365
8304.05467  1374.308
8305.25458000001  1304.763
8306.45449  1314.489
8307.6544  1446.899
8308.85431000001  1368.103
8310.05422  1393.211
8311.25413  1376.874
8312.45404  1359.5
8313.65395  1356.895
8314.85386  1372.198
8316.05377000001  1326.619
8317.25368  1389.645
8318.45359000001  1309.294
8319.65350000001  1333.246
8320.85341  1343.29
8322.05332000001  1390.265
8323.25323  1387.09
8324.45314  1406.675
8325.65305  1397.706
8326.85296  1372.388
8328.05287000001  1308.06
8329.25278000001  1318.101
8330.45269000001  1309.163
8331.6526  1279.123
8332.85251000001  1316.948
8334.05242  1317.003
8335.25233  1336.003
8336.45224  1350.83
8337.65215  1372.382
8338.85206  1371.358
8340.05197  1370.137
8341.25188  1352.777
8342.45179  1313.893
8343.6517  1429.363
8344.85161  1597.49
8346.05152000001  1486.575
8347.25143  1417.799
8348.45134  1395.138
8349.65125  1349.433
8350.85116000001  1302.751
8352.05107  1314.056
8353.25098  1335.202
8354.45089000001  1285.297
8355.6508  1286.256
8356.85071000001  1277.903
8358.05062  1281.013
8359.25053  1334.355
8360.45044000001  1340.545
8361.65035  1308.79
8362.85026000001  1284.26
8364.05017  1276.033
8365.25008  1260.792
8366.44999  1257.681
8367.6499  1273.815
8368.84981  1294.566
8370.04972000001  1329.226
8371.24963000001  1286.615
8372.44954  1266.103
8373.64945000001  1249.189
8374.84936  1219.323
8376.04927  1298.226
8377.24918  1333.497
8378.44909  1323.666
8379.64900000001  1309.503
8380.84891000001  1316.514
8382.04882  1348.157
8383.24873  1323.625
8384.44864  1298.577
8385.64855  1268.707
8386.84846000001  1267.899
8388.04837  1268.675
8389.24828  1311.797
8390.44819  1309.28
8391.6481  1276.516
8392.84801  1287.675
8394.04792000001  1373.48
8395.24783  1406.42
8396.44774  1213.923
8397.64765000001  1184.281
8398.84756  1358.739
8400.04747  1158.211
8401.24738  1173.023
8402.44729  1227.803
8403.6472  1216.704
8404.84711  1265.64
8406.04702  1218.464
8407.24693  1152.79
8408.44684  1183.073
8409.64675  1235.842
8410.84666  1274.822
8412.04657000001  1257.469
8413.24648  1243.93
8414.44639000001  1208.647
8415.6463  1214.169
8416.84621  1184.53
8418.04612000001  1214.986
8419.24603  1187.844
8420.44594  1210.897
8421.64585000001  1218.441
8422.84576000001  1210.693
8424.04567  1243.949
8425.24558  1235.272
8426.44549  1235.708
8427.6454  1156.071
8428.84531  1265.744
8430.04522  1317.617
8431.24513000001  1253.709
8432.44504000001  1247.32
8433.64495000001  1228.21
8434.84486000001  1265.354
8436.04477  1201.451
8437.24468  1146.227
8438.44459000001  1158.097
8439.6445  1149.943
8440.84441  1122.624
8442.04432  1120.663
8443.24423  1160.487
8444.44414  1187.332
8445.64405  1164.202
8446.84396000001  1135.2
8448.04387  1149.912
8449.24378  1124.491
8450.44369  1036.115
8451.6436  1028.81
8452.84351  900.7363
8454.04342  875.2015
8455.24333  912.9548
8456.44324000001  926.4425
8457.64315000001  942.2404
8458.84306000001  841.4451
8460.04297  844.5191
8461.24288  1017.566
8462.44279  946.0809
8463.64270000001  950.903
8464.84261  1097.12
8466.04252000001  1025.775
8467.24243  1052.164
8468.44234  1167.648
8469.64225  1245.718
8470.84216  1277.
8472.04207  1175.59
8473.24198000001  1186.68
8474.44189000001  1222.186
8475.6418  1196.65
8476.84171000001  1178.789
8478.04162  1195.802
8479.24153  1231.748
8480.44144  1243.382
8481.64135  1207.687
8482.84126000001  1200.399
8484.04117  1188.394
8485.24108  1193.368
8486.44099  1190.092
8487.6409  1198.177
8488.84081  1209.489
8490.04072000001  1231.509
8491.24063  1243.286
8492.44054  1253.824
8493.64045  1250.378
8494.84036  1241.461
8496.04027  1238.505
8497.24018  1201.998
8498.44009000001  1211.306
8499.64  1290.162
8500.83991000001  1304.954
8502.03982  1240.562
8503.23973  1275.721
8504.43964  1104.599
8505.63955  1118.878
8506.83946000001  1106.038
8508.03937  1192.6
8509.23928000001  1158.53
8510.43919  1170.469
8511.63910000001  1183.552
8512.83901  1175.559
8514.03892  1159.403
8515.23883000001  1155.47
8516.43874  1223.882
8517.63865000001  1131.229
8518.83856  1159.202
8520.03847  1212.601
8521.23838  1167.354
8522.43829  1190.314
8523.6382  1190.601
8524.83811000001  1100.529
8526.03802  1218.107
8527.23793  1160.318
8528.43784  1124.813
8529.63775  1094.377
8530.83766000001  1109.605
8532.03757  1168.185
8533.23748  1153.719
8534.43739000001  1179.297
8535.63730000001  1154.82
8536.83721  1143.566
8538.03712  1172.24
8539.23703  1146.888
8540.43694  1143.714
8541.63685000001  1118.531
8542.83676  1198.669
8544.03667  1264.082
8545.23658  1205.723
8546.43649  1138.396
8547.6364  1099.967
8548.83631  1063.536
8550.03622000001  1085.843
8551.23613  1066.959
8552.43604000001  1090.891
8553.63595  1142.292
8554.83586000001  1147.947
8556.03577000001  1128.878
8557.23568  1124.373
8558.43559000001  1127.109
8559.63550000001  1105.678
8560.83541  1085.926
8562.03532  1103.786
8563.23523  1128.503
8564.43514  1133.753
8565.63505000001  1114.005
8566.83496  1115.98
8568.03487  1109.744
8569.23478  1112.846
8570.43469  1086.481
8571.6346  1096.371
8572.83451  1116.368
8574.03442  1109.568
8575.23433000001  1104.859
8576.43424000001  1115.479
8577.63415  1127.387
8578.83406000001  1100.974
8580.03397  1080.642
8581.23388  1080.277
8582.43379000001  1088.544
8583.6337  1096.704
8584.83361  1106.29
8586.03352000001  1130.635
8587.23343  1106.607
8588.43334  1065.992
8589.63325  1109.287
8590.83316  1110.54
8592.03307  1082.463
8593.23298000001  1114.474
8594.43289  1132.076
8595.6328  1108.696
8596.83271  1105.701
8598.03262  1130.334
8599.23253000001  1086.281
8600.43244  1062.457
8601.63235  1075.696
8602.83226000001  1053.134
8604.03217  1059.884
8605.23208  1099.918
8606.43199  1073.918
8607.63190000001  1072.739
8608.83181  1070.021
8610.03172  1052.188
8611.23163000001  1088.615
8612.43154  1107.643
8613.63145000001  1063.297
8614.83136  1056.235
8616.03127  1037.834
8617.23118000001  1019.257
8618.43109000001  1104.465
8619.63100000001  1077.05
8620.83091  1104.718
8622.03082  1082.568
8623.23073  1062.12
8624.43064  995.381
8625.63055  1036.726
8626.83046000001  1014.117
8628.03037  1093.948
8629.23028000001  1020.824
8630.43019  1068.079
8631.6301  1122.135
8632.83001  1087.11
8634.02992000001  1106.437
8635.22983  1129.945
8636.42974  1096.218
8637.62965000001  1140.929
8638.82956  1097.585
8640.02947  1079.248
8641.22938  1064.779
8642.42929  1035.24
8643.62920000001  1112.964
8644.82911  1103.109
8646.02902  1116.995
8647.22893  1109.267
8648.42884  1167.594
8649.62875  1053.079
8650.82866000001  1108.491
8652.02857  1170.79
8653.22848000001  1147.877
8654.42839000001  1094.61
8655.6283  1147.916
8656.82821  1002.489
8658.02812  1072.232
8659.22803000001  1040.174
8660.42794  1155.049
8661.62785000001  1107.899
8662.82776  1061.968
8664.02767  1077.685
8665.22758  1040.748
8666.42749  984.3586
8667.6274  1051.239
8668.82731  1076.491
8670.02722000001  962.4083
8671.22713  1052.959
8672.42704000001  1007.322
8673.62695  1082.006
8674.82686000001  1072.025
8676.02677  1073.005
8677.22668  1051.217
8678.42659000001  1062.857
8679.6265  1090.758
8680.82641  951.959
8682.02632  1030.806
8683.22623  1104.813
8684.42614  995.3074
8685.62605000001  1008.796
8686.82596  993.4678
8688.02587000001  1025.404
8689.22578000001  1030.685
8690.42569  1042.542
8691.62560000001  1021.173
8692.82551  1042.667
8694.02542  1063.39
8695.22533000001  1027.875
8696.42524000001  1091.565
8697.62515  1035.202
8698.82506  1130.334
8700.02497  1127.04
8701.22488  1045.396
8702.42479000001  1104.49
8703.6247  985.7617
8704.82461  990.9234
8706.02452  1048.332
8707.22443  1064.142
8708.42434  1067.439
8709.62425  1080.22
8710.82416000001  1019.019
8712.02407  1045.171
8713.22398000001  958.9754
8714.42389  990.7465
8715.62380000001  1066.106
8716.82371  1053.582
8718.02362  1082.205
8719.22353  972.0794
8720.42344000001  1015.356
8721.62335  996.4289
8722.82326  1032.164
8724.02317  1064.678
8725.22308  1019.839
8726.42299000001  1038.274
8727.6229  978.5616
8728.82281  1009.752
8730.02272000001  993.383
8731.22263000001  969.1796
8732.42254  951.1033
8733.62245  992.6349
8734.82236  1011.996
8736.02227  986.0165
8737.22218000001  951.7879
8738.42209  1008.87
8739.62200000001  1026.151
8740.82191000001  986.1232
8742.02182  1013.352
8743.22173000001  1043.763
8744.42164  1042.166
8745.62155  1046.993
8746.82146  977.2886
8748.02137  995.0287
8749.22128  1002.264
8750.42119  1001.458
8751.6211  1016.413
8752.82101  1088.534
8754.02092000001  1027.075
8755.22083000001  1025.789
8756.42074  1055.347
8757.62065  1069.953
8758.82056  1055.383
8760.02047  1159.109
8761.22038  1217.699
8762.42029  1143.491
8763.62020000001  1082.244
8764.82011000001  1042.014
8766.02002  1074.468
8767.21993000001  1127.177
8768.41984  1192.584
8769.61975  1116.586
8770.81966  1065.092
8772.01957000001  1040.467
8773.21948  1058.07
8774.41939000001  1024.398
8775.6193  1004.938
8776.81921  1033.416
8778.01912000001  1129.796
8779.21903  1106.292
8780.41894  1014.787
8781.61885000001  962.3069
8782.81876  964.4939
8784.01867000001  934.6168
8785.21858  975.1689
8786.41849  1030.591
8787.61840000001  995.9219
8788.81831  983.8149
8790.01822  1002.131
8791.21813000001  1059.559
8792.41804000001  1064.467
8793.61795  959.3441
8794.81786000001  970.5835
8796.01777  1002.771
8797.21768  980.7246
8798.41759000001  955.9692
8799.6175  968.3937
8800.81741  981.1478
8802.01732  937.8141
8803.21723  920.2947
8804.41714  956.5505
8805.61705  975.7737
8806.81696  969.9812
8808.01687000001  1011.035
8809.21678  1014.117
8810.41669  1000.138
8811.6166  949.7581
8812.81651  978.3708
8814.01642000001  973.3444
8815.21633000001  956.3283
8816.41624000001  1009.684
8817.61615  1014.591
8818.81606000001  962.0894
8820.01597  1002.644
8821.21588  1096.107
8822.41579  1215.494
8823.6157  1266.171
8824.81561  1056.554
8826.01552  885.3976
8827.21543  830.6151
8828.41534  717.1481
8829.61525  870.2164
8830.81516  1014.191
8832.01507  973.6754
8833.21498000001  936.6587
8834.41489  982.1591
8835.61480000001  970.6423
8836.81471  912.9811
8838.01462  786.7062
8839.21453000001  840.7272
8840.41444  878.1749
8841.61435  916.5565
8842.81426000001  945.0691
8844.01417000001  892.8374
8845.21408  901.2393
8846.41399000001  915.165
8847.6139  893.8975
8848.81381000001  900.8782
8850.01372  894.4941
8851.21363  830.0915
8852.41354  857.8074
8853.61345  904.6668
8854.81336000001  899.3868
8856.01327000001  903.3665
8857.21318000001  900.6057
8858.41309  918.7737
8859.61300000001  964.0206
8860.81291  952.9524
8862.01282  1006.025
8863.21273  1038.732
8864.41264  989.5668
8865.61255  976.5721
8866.81246  1034.405
8868.01237000001  1052.901
8869.21228  1014.857
8870.41219000001  957.4903
8871.6121  940.0958
8872.81201  923.5406
8874.01192000001  928.2205
8875.21183  935.1787
8876.41174000001  924.9223
8877.61165  911.9482
8878.81156  935.9563
8880.01147  990.6287
8881.21138000001  1056.344
8882.41129  1061.654
8883.61120000001  909.649
8884.81111000001  954.3898
8886.01102  943.4702
8887.21093000001  1010.662
8888.41084  1039.036
8889.61075  981.1794
8890.81066  957.5545
8892.01057000001  927.6783
8893.21048000001  911.1982
8894.41039000001  949.7427
8895.61030000001  953.265
8896.81021  895.6678
8898.01012000001  915.9644
8899.21003  998.9313
8900.40994000001  1017.761
8901.60985  938.217
8902.80976  981.802
8904.00967  1025.028
8905.20958  923.6622
8906.40949  930.5612
8907.6094  931.2519
8908.80931  900.3897
8910.00922  875.2022
8911.20913000001  875.564
8912.40904  877.35
8913.60895  882.8474
8914.80886  924.3324
8916.00877000001  968.5197
8917.20868  940.2749
8918.40859  898.7604
8919.60850000001  1073.733
8920.80841  1039.482
8922.00832000001  961.2892
8923.20823  930.3224
8924.40814000001  874.8936
8925.60805000001  846.998
8926.80796  887.9506
8928.00787000001  878.8611
8929.20778  877.8232
8930.40769  853.7055
8931.6076  857.46
8932.80751000001  905.4056
8934.00742  935.6602
8935.20733000001  956.1288
8936.40724000001  924.8156
8937.60715  928.1193
8938.80706000001  932.0046
8940.00697  876.364
8941.20688  882.2303
8942.40679  888.5776
8943.6067  834.3465
8944.80661000001  880.6786
8946.00652000001  902.7518
8947.20643  881.0682
8948.40634000001  800.5654
8949.60625  811.3533
8950.80616  781.9155
8952.00607000001  803.9093
8953.20598  840.4672
8954.40589  939.4348
8955.6058  807.1417
8956.80571  788.8481
8958.00562  796.2314
8959.20553000001  641.9507
8960.40544  698.223
8961.60535  792.7441
8962.80526000001  816.5156
8964.00517  754.6614
8965.20508  805.8381
8966.40499  775.0779
8967.6049  751.7142
8968.80481  827.144
8970.00472  742.996
8971.20463000001  768.8983
8972.40454000001  771.6858
8973.60445000001  760.7272
8974.80436  817.7266
8976.00427000001  772.602
8977.20418000001  836.9436
8978.40409  803.4938
8979.60400000001  780.1011
8980.80391  762.1452
8982.00382  822.1735
8983.20373000001  787.019
8984.40364  797.5187
8985.60355  692.9903
8986.80346000001  685.65
8988.00337000001  714.1904
8989.20328  697.0492
8990.40319  697.3166
8991.6031  707.8693
8992.80301  784.2227
8994.00292000001  803.1035
8995.20283  895.8644
8996.40274000001  891.7862
8997.60265000001  789.9398
8998.80256000001  784.103
9000.00247000001  783.6537
9001.20238  737.1094
9002.40229  754.6285
9003.60220000001  799.3781
9004.80211  782.1597
9006.00202  734.9156
9007.20193  781.0471
9008.40184  802.9395
9009.60175000001  838.1152
9010.80166  841.3516
9012.00157000001  822.6777
9013.20148  781.8805
9014.40139000001  800.5602
9015.6013  839.1783
9016.80121000001  762.6281
9018.00112  778.2531
9019.20103  791.2836
9020.40094000001  819.4521
9021.60085  812.5018
9022.80076000001  817.9966
9024.00067000001  883.5516
9025.20058  748.9559
9026.40049  800.313
9027.6004  826.5129
9028.80031000001  858.1988
9030.00022  827.1029
9031.20013000001  874.4813
9032.40004  870.0308
9033.59995  886.9731
9034.79986000001  1026.302
9035.99977  1042.611
9037.19968  1028.939
9038.39959000001  946.4994
9039.59950000001  861.1082
9040.79941000001  904.673
9041.99932000001  852.0514
9043.19923  821.8718
9044.39914000001  813.7146
9045.59905  848.0859
9046.79896  793.7981
9047.99887000001  756.5956
9049.19878  765.1225
9050.39869000001  787.8973
9051.5986  799.3259
9052.79851000001  771.2206
9053.99842  810.4478
9055.19833000001  828.8566
9056.39824  831.0827
9057.59815  813.7985
9058.79806  793.7295
9059.99797  795.2844
9061.19788  795.7014
9062.39779  804.1993
9063.59770000001  784.8872
9064.79761000001  820.0078
9065.99752000001  758.5695
9067.19743  796.8929
9068.39734  765.7258
9069.59725  733.6503
9070.79716  728.1353
9071.99707000001  734.4479
9073.19698000001  768.4329
9074.39689000001  776.6957
9075.59680000001  775.9802
9076.79671000001  764.9662
9077.99662  789.8389
9079.19653  780.0273
9080.39644000001  778.0259
9081.59635  733.131
9082.79626000001  800.8678
9083.99617  785.2365
9085.19608  710.5182
9086.39599  701.0975
9087.5959  733.8043
9088.79581  746.4818
9089.99572000001  789.0192
9091.19563000001  786.6816
9092.39554  798.4596
9093.59545000001  783.2725
9094.79536  787.5858
9095.99527000001  814.1084
9097.19518  785.3805
9098.39509  744.2339
9099.59500000001  754.7072
9100.79491000001  753.3279
9101.99482  783.6428
9103.19473  821.8048
9104.39464  758.0458
9105.59455  741.7607
9106.79446000001  783.2599
9107.99437  785.1184
9109.19428  817.5869
9110.39419  863.0279
9111.59410000001  879.7086
9112.79401000001  878.4465
9113.99392  867.8116
9115.19383000001  834.7195
9116.39374000001  786.4232
9117.59365000001  790.9289
9118.79356  796.4824
9119.99347000001  797.3157
9121.19338000001  823.4393
9122.39329  848.8701
9123.59320000001  883.342
9124.79311000001  873.0279
9125.99302  798.9034
9127.19293  769.6972
9128.39284  769.7436
9129.59275  738.6022
9130.79266  777.8646
9131.99257000001  784.6787
9133.19248000001  763.522
9134.39239000001  742.129
9135.5923  740.2993
9136.79221000001  750.5025
9137.99212  811.3463
9139.19203  827.1916
9140.39194  879.2409
9141.59185000001  921.2202
9142.79176  899.9847
9143.99167000001  835.546
9145.19158  879.4684
9146.39149  883.8447
9147.59140000001  934.8409
9148.79131  866.1451
9149.99122  817.7527
